158
94
129
186
164
105
204
170
208
117
159
113
153
88
160
135
118
90
106
134
79
189
197
117
161
128
152
78
163
141
214
176
158
207
217
159
119
143
151
164
140
178
151
152
120
115
147
216
178
171
165
134
124
146
170
101
114
179
132
130
147
183
111
120
127
131
154
150
142
172
152
139
189
200
144
97
140
137
134
177
157
141
125
122
120
79
88
144
168
124
156
148
125
146
128
170
141
63
144
163
152
173
174
216
122
127
106
181
71
122
144
125
145
135
122
130
139
168
120
132
164
99
132
213
97
71
157
123
194
182
146
151
151
153
192
238
113
164
173
142
131
150
181
147
237
112
171
136
229
198
152
131
131
121
87
137
228
127
131
153
146
141
96
155
175
155
153
171
162
180
127
126
163
139
119
149
144
110
102
172
159
145
185
116
222
177
165
130
138
185
115
95
186
130
142
96
179
177
166
178
162
128
107
169
138
149
156
201
128
152
90
133
190
159
122
186
178
135
153
135
153
139
141
124
218
154
121
156
157
217
174
199
128
121
191
194
116
193
116
140
154
182
136
195
139
211
150
185
99
123
112
115
170
186
158
85
140
168
134
110
215
108
148
198
129
93
210
99
153
156
148
203
191
119
209
165
153
128
139
140
194
146
122
155
192
197
168
153
134
129
187
215
122
93
131
154
151
135
125
166
155
131
140
135
203
107
132
159
151
149
152
128
177
123
170
152
210
98
148
207
109
159
174
134
142
169
201
156
122
212
176
162
116
180
138
179
132
174
144
177
199
147
185
144
73
208
132
146
199
210
142
117
196
156
193
140
108
160
129
43
138
117
203
144
186
134
164
149
157
160
115
170
131
147
130
167
142
157
117
134
102
154
139
190
158
166
140
97
212
120
147
162
114
153
164
121
178
137
137
180
152
152
91
179
112
206
122
153
74
108
162
133
130
117
100
90
136
197
149
148
149
153
164
126
156
130
119
169
129
152
146
148
158
196
171
203
144
161
141
174
140
202
134
141
138
176
128
113
126
162
160
177
81
173
166
157
149
106
118
113
121
64
129
154
165
165
154
116
134
146
158
110
110
146
164
181
112
171
190
95
194
137
135
118
120
147
181
122
139
151
144
178
161
170
162
180
150
97
171
134
137
104
118
146
186
172
158
169
125
180
78
139
115
222
146
182
152
131
202
164
172
153
187
180
116
152
149
215
138
137
164
140
152
121
120
77
151
98
134
143
175
183
141
120
99
183
125
168
131
126
154
176
151
159
128
186
105
141
197
136
96
194
118
170
86
58
154
106
116
127
161
139
153
148
160
92
156
181
168
159
145
118
96
138
130
133
130
156
211
147
151
173
183
125
171
174
152
116
139
138
95
144
210
141
183
171
128
247
195
138
56
177
158
180
140
138
214
161
209
122
106
140
177
139
218
228
132
170
176
110
176
191
113
98
138
134
171
115
195
91
191
206
190
128
99
154
121
125
138
121
203
152
210
193
189
197
163
195
158
152
199
83
157
149
160
187
115
155
171
162
158
134
181
175
158
140
104
148
117
198
183
134
157
100
134
115
137
152
81
156
118
164
122
150
121
92
217
150
185
181
96
118
137
125
139
210
167
166
115
138
178
173
145
152
172
150
186
137
157
181
138
128
169
170
106
148
132
149
117
120
98
96
198
144
124
155
110
139
121
157
125
160
119
111
129
79
153
191
258
166
189
117
121
149
139
179
166
110
213
163
127
115
125
153
168
126
196
164
181
92
211
176
138
151
142
159
79
170
123
129
183
131
176
135
107
147
151
112
121
135
130
135
127
156
183
219
162
175
150
156
122
147
146
122
144
120
177
171
143
154
101
180
146
131
205
130
166
182
199
203
148
146
128
116
178
156
194
112
165
132
125
196
201
196
199
93
142
123
81
143
160
157
155
133
135
188
166
151
208
153
179
142
217
140
201
111
55
125
112
68
152
120
92
85
151
126
88
94
151
235
145
121
127
60
169
108
144
150
144
169
137
129
123
108
154
177
125
193
151
89
113
167
89
134
143
86
88
158
133
91
184
171
178
95
99
139
180
138
131
164
182
144
141
132
112
183
131
202
169
89
115
149
177
137
128
193
116
113
120
187
118
151
124
183
138
115
206
188
173
134
172
109
183
151
136
136
193
141
175
132
127
127
135
117
117
149
160
75
137
124
143
148
112
111
174
196
163
157
120
159
123
143
152
121
144
95
151
155
110
140
174
118
146
180
213
141
159
138
114
102
208
145
170
124
172
178
180
110
125
148
169
209
145
106
85
91
129
124
199
197
128
116
156
166
91
136
83
158
132
166
150
154
130
126
88
168
134
118
180
162
149
127
172
160
103
233
151
131
119
168
158
143
205
167
117
171
114
187
160
147
157
134
219
147
147
145
163
120
164
147
174
142
158
140
150
124
196
158
175
177
165
105
113
168
113
81
154
109
77
189
103
160
150
134
121
114
185
113
169
122
98
126
109
111
160
188
142
90
224
157
122
182
198
134
192
146
130
196
172
129
117
193
144
102
191
156
161
145
166
99
148
195
183
130
167
190
143
170
171
147
96
148
156
112
173
124
94
142
115
90
113
191
162
146
152
202
98
222
123
67
160
103
107
103
207
144
155
138
143
151
131
90
126
131
108
115
141
178
157
216
157
136
156
161
134
91
174
172
147
183
205
132
132
201
177
172
119
176
164
142
173
167
195
169
163
123
149
183
193
168
184
203
129
139
202
169
111
157
142
127
131
126
205
126
225
179
209
96
134
105
156
90
157
178
143
217
133
111
117
136
128
110
100
110
166
155
167
157
162
125
177
96
114
171
121
217
113
162
138
174
149
93
168
159
193
136
152
154
191
175
139
168
188
218
151
128
156
143
148
176
102
133
124
169
183
147
142
194
149
202
186
150
187
209
170
169
78
178
198
202
164
145
90
130
144
160
101
195
171
217
100
159
116
163
248
185
192
122
201
99
155
150
167
104
160
188
157
119
118
160
188
134
140
110
180
195
139
199
91
153
135
156
183
172
140
109
215
162
137
165
116
191
104
112
199
164
155
95
169
129
135
155
167
108
145
146
125
106
144
107
109
146
147
173
179
185
187
130
163
141
163
170
129
117
207
144
109
147
136
123
94
191
176
169
170
117
114
167
158
161
89
143
165
117
156
137
174
174
221
137
183
178
167
158
120
157
182
203
175
159
137
142
160
136
144
121
134
105
105
119
164
159
242
103
163
129
154
112
189
129
119
170
119
205
139
137
152
198
132
169
155
144
128
140
112
127
63
169
176
145
131
191
148
96
147
171
115
99
126
109
217
188
208
181
150
137
164
178
137
146
172
155
101
133
93
170
162
190
178
179
122
121
112
265
175
111
134
126
169
168
237
153
192
214
143
156
143
145
130
141
120
109
196
140
108
123
137
168
158
179
197
143
196
152
140
152
166
93
168
205
169
148
178
147
202
152
90
198
142
173
149
164
159
166
129
90
106
126
143
78
151
113
110
157
109
143
119
141
196
121
190
157
127
79
150
132
125
161
100
149
191
149
112
122
104
153
128
230
126
176
82
149
151
140
157
181
217
202
135
93
166
178
85
144
200
193
230
142
180
147
168
130
194
129
108
137
173
188
134
178
154
130
133
132
171
105
163
90
142
159
134
142
193
138
122
169
226
174
203
161
140
105
99
146
168
101
152
134
88
160
112
175
149
151
127
189
193
173
163
164
144
186
153
142
148
122
186
203
163
204
178
139
190
217
188
164
176
150
184
176
98
127
159
216
146
133
107
165
223
125
147
155
199
175
149
173
134
131
188
164
162
178
136
201
137
163
150
175
139
166
98
127
151
110
138
109
131
152
170
148
144
149
189
140
94
60
181
142
85
191
118
155
159
111
116
139
158
193
143
143
183
146
167
139
165
186
114
100
141
114
163
148
135
188
124
210
161
201
158
160
214
122
172
182
135
160
215
190
161
149
110
170
154
145
129
103
177
249
153
154
160
171
190
157
117
128
123
198
120
156
153
122
175
197
191
154
139
137
167
154
164
86
127
202
146
148
197
215
185
95
157
156
189
143
151
154
101
143
148
162
108
135
113
124
166
145
126
118
122
148
221
109
169
156
147
73
123
209
80
120
154
143
132
138
122
151
155
171
179
140
142
188
144
165
111
145
142
147
117
168
65
160
132
113
171
177
161
151
117
99
69
103
187
114
122
163
169
128
135
145
217
147
121
150
154
140
170
168
147
160
217
115
117
148
127
192
178
121
156
145
172
116
165
110
127
204
139
117
161
141
179
130
119
177
148
157
125
167
119
156
182
142
134
132
127
154
144
157
122
189
190
147
212
178
188
161
99
113
106
143
136
165
98
173
144
137
109
104
168
147
155
107
195
90
113
158
162
147
111
197
106
126
147
215
123
155
164
170
189
144
125
116
180
162
145
120
188
111
180
129
111
123
116
200
191
136
142
125
78
157
92
158
95
98
208
181
170
169
184
150
144
129
151
205
181
121
115
100
151
200
118
217
128
228
155
91
129
145
167
134
134
170
84
146
172
158
173
175
138
151
223
178
126
151
108
163
107
183
143
92
180
185
140
168
183
111
181
109
111
167
132
131
158
127
143
135
186
220
131
197
184
183
171
145
98
102
105
148
196
126
152
176
104
174
130
156
168
212
129
138
111
197
99
155
164
136
233
107
191
156
110
108
168
190
110
183
105
160
98
135
144
138
160
192
207
177
183
141
199
158
164
144
144
128
105
110
182
155
77
89
151
112
160
166
150
177
165
152
102
96
95
143
124
142
199
168
198
158
121
109
147
163
147
169
209
148
167
133
150
121
197
196
132
180
121
130
177
168
133
167
135
113
155
142
171
152
227
155
79
110
185
143
113
198
142
99
157
147
126
145
96
197
197
194
165
188
102
149
129
106
147
181
171
143
158
141
112
162
123
131
148
117
238
144
127
54
129
126
107
119
194
127
154
136
153
137
117
122
98
145
153
163
182
122
108
133
137
226
135
166
152
183
173
76
147
141
154
123
152
157
128
124
186
126
141
116
142
154
110
154
119
132
179
161
185
145
168
181
167
171
160
142
122
159
145
162
112
136
180
169
102
144
186
146
129
150
148
193
134
132
139
162
141
168
177
188
119
184
135
95
155
109
122
177
193
172
134
108
149
209
133
103
132
141
158
185
130
215
144
182
171
131
184
110
92
153
139
150
104
121
154
123
161
160
222
150
162
127
172
123
139
133
157
117
165
172
135
194
177
103
83
146
123
198
143
162
132
173
100
181
170
112
133
150
57
127
169
167
130
98
207
171
207
179
108
130
114
133
124
179
146
169
164
92
163
183
129
130
153
195
118
211
140
149
158
156
178
113
124
122
174
133
132
140
159
132
135
148
148
112
167
186
160
187
179
124
129
168
151
106
151
176
127
199
120
170
115
157
116
153
131
177
130
150
160
146
187
112
150
147
218
151
35
139
125
155
153
119
119
185
171
148
136
139
97
131
161
122
124
185
210
142
182
169
215
139
175
112
139
168
109
198
130
162
151
162
125
136
155
172
133
70
119
159
112
147
142
183
168
148
142
119
185
171
183
81
186
154
170
165
125
135
158
158
161
145
190
184
170
175
173
157
109
110
169
149
130
162
104
155
131
106
218
107
136
165
204
234
58
158
100
158
154
192
181
135
128
168
208
176
126
186
131
127
175
163
131
168
201
129
209
200
247
112
182
210
116
124
202
129
95
136
147
187
169
193
134
95
144
125
92
233
182
190
120
158
112
180
147
118
157
141
183
177
179
166
118
165
182
170
173
144
174
101
178
98
155
152
156
131
112
74
181
149
176
162
146
107
130
171
209
139
163
168
144
123
118
160
159
164
106
117
132
119
156
164
188
202
125
173
164
152
237
116
141
191
127
172
148
134
164
105
107
121
137
193
152
140
134
57
134
154
147
118
145
174
184
174
160
135
163
146
151
124
193
169
125
139
74
172
163
163
178
164
95
132
147
131
178
127
107
153
161
91
196
174
141
198
148
110
181
188
215
124
163
133
164
144
156
139
177
175
109
91
109
138
183
123
123
122
149
170
92
195
125
172
133
191
160
112
160
196
194
199
103
178
169
137
161
125
133
120
172
167
139
130
182
151
194
191
168
144
111
143
116
188
191
139
132
139
135
182
153
181
123
199
123
125
143
120
175
140
154
177
132
161
132
190
81
110
124
199
193
167
171
88
122
143
183
135
166
123
163
183
132
263
92
139
142
114
200
151
191
118
135
179
152
99
128
210
175
185
175
139
126
117
205
127
149
171
123
159
178
162
128
188
136
160
172
117
150
119
137
171
110
145
137
133
147
169
177
168
94
140
155
165
144
149
107
163
185
123
136
170
157
181
133
163
192
123
101
113
189
227
186
146
116
136
164
120
159
128
232
122
139
98
154
201
155
207
141
171
109
148
246
124
189
191
149
101
174
97
144
194
109
160
88
146
111
130
116
202
158
130
166
163
131
97
136
153
195
176
123
119
151
159
179
96
123
132
124
133
183
221
184
73
172
135
195
125
170
112
143
173
158
125
117
126
192
132
209
144
163
197
185
105
147
130
95
120
161
94
123
169
177
183
171
137
227
84
149
151
183
114
171
123
192
163
157
166
131
149
191
177
133
188
207
124
181
93
189
111
100
163
159
178
145
149
129
116
140
149
155
168
184
177
145
210
107
172
128
133
202
163
141
125
145
149
175
139
102
157
163
104
165
152
188
107
138
148
146
123
119
202
168
165
147
208
177
120
158
158
119
126
171
85
106
124
125
87
156
117
182
100
205
184
138
199
152
212
160
193
114
157
148
188
122
187
108
117
192
118
190
154
188
127
150
79
179
119
152
167
104
179
152
174
163
134
237
112
98
190
84
179
135
138
131
168
139
144
170
144
151
184
158
167
129
167
146
117
104
140
188
177
139
180
200
157
89
133
119
210
177
201
192
116
143
143
120
144
171
174
175
224
176
89
138
146
149
135
166
170
113
132
146
134
96
148
134
133
135
130
156
152
136
188
155
126
112
135
196
136
230
168
155
199
149
177
157
150
166
175
140
83
178
173
111
159
173
91
135
160
163
168
149
141
131
144
133
155
149
130
145
131
133
135
182
141
97
188
139
153
135
135
101
165
150
157
200
187
121
133
200
135
160
94
111
95
136
118
85
173
128
163
115
184
85
128
136
148
100
197
122
159
212
122
88
178
176
174
135
187
120
187
121
186
158
155
131
145
133
194
129
144
189
115
83
127
176
135
144
136
127
145
130
149
137
177
144
176
225
107
179
149
207
107
175
142
91
85
171
155
158
153
116
147
188
126
179
113
161
159
170
129
77
84
150
126
169
155
226
178
138
180
153
99
174
94
160
101
157
226
163
122
210
134
153
122
135
176
149
159
210
144
97
124
168
137
101
150
158
180
157
180
103
185
170
170
172
142
178
100
146
151
197
173
163
129
137
123
165
105
192
79
182
141
81
146
157
200
183
168
139
160
136
119
123
145
199
151
155
131
124
138
182
143
176
137
195
190
127
120
156
158
166
182
146
142
183
172
119
185
106
87
185
182
193
120
113
105
167
109
170
209
127
120
148
203
106
133
158
128
118
179
119
173
202
131
151
127
143
136
224
120
145
168
124
154
178
111
97
224
135
143
226
115
138
170
152
166
203
115
180
126
188
187
140
196
153
201
135
146
186
129
158
169
161
137
125
201
134
156
201
197
208
128
135
125
139
130
111
148
157
155
172
178
152
122
127
136
178
141
91
186
181
105
105
194
123
170
167
157
141
122
149
156
127
126
75
158
192
162
86
147
147
180
101
134
161
106
152
122
123
89
168
173
123
116
175
149
117
137
109
147
156
138
156
159
157
158
120
134
128
127
166
207
121
154
186
164
165
120
148
125
172
140
131
136
147
139
132
162
120
162
128
208
143
140
139
224
117
125
153
153
240
159
157
116
181
141
135
193
124
144
175
141
195
133
104
160
120
183
144
219
220
168
150
177
158
156
164
88
165
176
162
125
183
139
123
173
171
187
154
127
146
174
252
214
133
109
171
146
105
163
99
205
135
146
164
189
103
183
180
152
129
145
178
156
141
202
194
122
109
169
209
191
175
167
193
172
128
98
162
167
155
140
157
125
183
131
116
106
128
166
164
138
170
144
122
205
186
101
142
115
105
175
174
184
147
151
117
128
127
151
127
181
163
125
125
134
193
137
119
168
89
131
165
135
171
103
128
131
151
43
182
165
174
135
155
144
126
162
173
141
165
159
109
127
154
187
165
176
99
158
152
168
184
121
151
182
154
224
92
154
156
150
121
156
216
166
165
138
114
152
130
180
139
110
91
166
218
104
87
103
194
146
222
139
135
104
172
161
153
104
135
130
188
113
176
124
203
145
206
152
152
167
114
134
185
121
147
158
128
148
138
149
153
95
208
159
118
137
123
194
155
194
177
145
158
133
213
163
69
131
147
83
130
104
178
130
177
184
145
188
162
178
153
150
176
130
135
190
150
149
206
174
211
162
174
173
148
111
146
137
188
171
145
173
121
114
138
190
150
166
185
147
135
216
147
110
121
134
187
175
127
78
159
106
114
125
162
72
144
149
135
174
158
164
159
154
171
169
118
155
167
142
152
134
186
152
136
159
130
166
127
98
213
161
180
213
140
178
157
169
153
170
182
122
86
139
125
146
98
145
178
142
166
143
152
116
128
96
128
155
155
199
173
169
178
112
126
126
170
205
106
145
72
143
130
87
146
198
123
125
172
147
174
97
150
131
112
130
127
150
151
169
209
151
131
145
142
119
94
195
189
115
127
136
120
170
116
123
169
137
146
186
169
117
146
139
158
124
157
142
102
154
175
170
118
137
184
127
98
124
149
168
155
201
124
93
100
80
144
144
126
137
165
150
113
139
126
173
149
163
162
185
139
112
174
200
139
176
166
78
171
213
148
136
184
129
154
97
90
172
180
138
157
168
160
136
137
190
148
175
157
152
224
199
160
119
143
153
146
169
106
104
159
134
117
148
153
198
87
118
154
152
171
121
209
161
103
134
147
131
174
214
160
172
135
99
121
103
160
143
160
155
115
199
128
173
131
152
166
91
103
168
121
168
147
158
66
165
140
155
203
129
107
173
86
163
151
175
114
108
174
71
139
191
117
152
180
114
152
160
191
124
103
159
171
196
200
163
202
102
172
158
159
141
94
95
108
140
147
171
134
138
127
174
205
146
166
171
99
170
109
155
200
141
94
159
101
192
121
164
106
84
160
147
141
151
140
153
210
175
162
86
171
123
179
147
154
142
162
221
160
173
199
116
109
97
114
97
167
162
164
155
154
131
138
144
182
173
100
167
97
143
189
172
154
149
112
126
208
116
174
164
151
183
176
96
217
125
119
191
132
156
127
162
134
132
127
152
148
104
199
155
111
133
113
121
114
93
125
99
121
147
100
107
129
119
140
101
172
248
114
209
139
163
152
196
168
183
97
129
194
124
173
158
91
156
131
142
105
166
182
219
161
94
162
155
116
218
165
159
166
163
151
170
136
178
128
121
176
132
159
162
98
155
190
177
153
186
132
149
209
191
164
143
146
149
199
194
148
127
124
127
181
201
153
153
200
125
146
160
116
121
164
168
137
207
132
75
200
134
127
117
99
113
154
152
121
178
183
98
100
148
116
168
73
152
149
198
178
142
143
160
181
123
166
152
163
161
66
187
145
183
167
118
166
159
132
147
209
114
144
210
148
158
208
186
148
183
117
138
87
148
153
210
141
227
216
141
163
139
201
188
163
137
151
167
171
175
107
152
142
101
238
134
115
159
189
178
187
102
146
120
128
138
159
170
111
185
161
172
97
110
162
139
146
138
146
181
127
156
169
177
169
151
126
155
139
212
131
165
163
141
181
189
166
108
124
162
93
174
161
160
111
214
112
168
115
115
106
178
155
147
141
204
204
140
100
132
179
197
135
121
184
133
161
163
128
90
179
129
160
118
159
94
173
111
115
193
154
170
119
172
163
108
136
196
140
121
156
116
137
121
181
143
107
106
107
145
183
140
119
92
135
125
187
119
114
157
174
141
171
170
208
132
162
168
196
130
158
154
177
100
162
160
177
193
155
166
117
103
125
129
189
179
169
147
147
151
167
217
139
222
135
125
123
109
173
225
189
100
155
225
168
130
223
136
190
129
161
211
133
187
126
145
219
159
125
147
122
176
130
201
214
124
154
204
174
129
147
170
164
136
216
133
195
149
209
189
113
178
168
137
188
147
122
198
133
131
126
160
112
179
140
63
106
182
114
172
171
168
223
67
93
111
145
138
89
208
186
106
162
158
203
183
168
119
124
161
247
160
137
160
188
126
98
174
193
158
72
188
173
142
160
167
152
168
82
147
208
113
138
179
115
201
139
120
113
145
114
95
174
135
131
157
217
217
108
159
156
97
101
137
125
136
100
105
112
176
193
153
146
157
159
218
110
181
151
193
169
200
174
123
106
203
138
150
143
149
110
177
79
180
212
153
178
119
146
114
165
156
154
183
166
174
130
161
144
146
163
85
102
176
166
146
120
229
170
194
177
124
97
195
88
98
130
184
137
106
102
68
130
189
207
80
130
72
154
125
173
150
178
182
177
114
129
186
207
159
113
130
97
154
155
105
189
170
105
177
222
129
201
176
110
137
161
162
143
144
146
119
138
167
148
118
178
185
185
154
155
128
148
157
121
179
114
134
68
165
126
142
163
79
149
166
140
199
133
166
159
138
156
199
161
112
167
155
127
138
152
183
158
197
146
139
142
121
160
187
127
137
154
111
198
148
117
190
207
182
108
132
141
163
144
119
155
154
137
182
129
177
126
148
152
129
164
181
161
134
159
142
140
149
115
154
137
112
196
162
136
100
121
44
102
152
99
147
144
132
87
109
113
85
155
222
155
126
172
113
77
164
143
168
126
108
131
126
121
110
116
101
175
110
125
92
143
101
140
100
195
116
110
132
127
119
100
173
147
172
173
139
102
83
133
213
96
160
123
177
87
141
135
137
108
117
191
112
137
114
139
109
163
123
82
165
153
124
142
109
132
128
123
148
149
118
107
112
157
115
109
187
129
162
172
181
158
100
184
169
138
148
106
156
208
146
80
179
147
127
174
140
166
153
125
94
128
160
113
112
132
186
162
132
175
137
150
148
136
167
213
168
115
77
183
139
176
147
166
144
149
144
112
157
181
152
156
154
147
153
113
132
153
102
133
137
129
52
157
138
144
147
153
181
163
122
158
139
136
184
97
179
90
113
119
111
167
163
161
116
164
103
116
133
126
135
191
139
155
159
121
185
59
144
82
152
149
169
158
184
148
145
181
108
208
123
172
112
104
53
172
143
117
127
149
197
146
165
77
113
140
116
112
113
147
152
147
115
107
127
162
156
118
212
140
106
169
135
164
141
155
189
130
143
148
151
112
214
130
146
129
142
158
143
150
136
153
156
114
173
211
158
173
120
143
171
150
134
142
119
227
106
186
141
197
153
169
140
150
126
145
131
190
134
133
97
174
145
151
145
94
165
123
149
127
166
150
185
214
147
120
152
143
119
198
118
139
157
170
139
144
175
182
142
158
176
69
174
146
152
111
160
110
149
64
150
142
125
168
120
150
129
149
142
102
111
188
115
106
149
130
132
178
129
174
145
119
155
125
120
148
190
144
132
162
174
132
123
107
137
147
171
171
80
170
151
193
172
167
162
187
135
155
179
124
96
97
176
190
181
143
191
96
149
162
140
136
185
161
193
145
178
160
142
171
147
168
167
137
120
99
147
145
180
158
124
175
148
198
172
80
142
94
136
124
168
140
100
96
187
128
82
181
162
147
132
123
204
202
183
191
178
172
134
159
151
143
172
214
211
159
85
157
163
97
126
173
123
155
172
117
157
160
136
157
143
159
181
198
216
122
186
98
150
116
143
136
147
135
169
188
182
186
79
96
155
76
146
87
180
158
213
205
201
168
191
210
166
142
165
231
183
195
183
142
229
109
137
188
192
179
129
131
51
164
149
144
118
122
206
122
177
157
153
153
146
182
124
173
161
123
88
175
176
231
170
148
199
149
124
161
180
146
137
113
195
130
186
141
180
119
129
183
151
145
150
178
187
180
199
177
109
91
141
97
148
147
179
191
145
192
170
177
171
171
142
190
163
144
143
156
185
221
187
153
169
123
131
136
115
150
121
163
164
166
199
128
157
193
208
125
141
199
160
121
145
182
182
221
130
182
116
154
88
96
162
192
141
195
85
58
113
150
126
149
116
109
209
174
178
102
138
111
152
129
96
112
144
202
144
175
149
126
141
148
166
131
190
172
121
169
146
128
168
192
151
149
134
166
168
159
108
176
137
163
161
185
111
117
218
155
51
192
149
123
116
153
126
112
121
106
148
188
152
203
169
119
143
41
181
122
142
92
158
207
210
119
200
153
144
127
201
173
154
96
164
121
135
179
184
198
141
190
141
138
131
97
169
153
133
173
225
183
148
166
149
138
164
168
124
127
143
163
201
157
174
179
156
185
132
156
153
168
185
85
112
169
206
140
178
126
211
133
187
179
156
174
178
164
187
177
158
132
180
154
126
189
156
149
96
168
100
199
126
173
90
132
147
147
143
192
141
216
167
114
195
148
138
134
148
177
145
200
125
92
113
219
125
186
161
151
196
165
107
113
126
211
144
170
159
115
202
153
234
166
150
155
130
147
179
138
121
160
116
139
203
189
102
119
124
105
170
101
241
131
157
178
174
162
117
192
115
172
145
188
175
126
101
188
131
164
107
128
181
119
86
116
214
133
142
133
135
126
147
164
152
161
87
176
153
120
80
169
150
200
87
176
186
131
85
153
136
177
175
138
118
98
121
151
191
137
152
135
149
167
150
135
134
186
132
142
108
124
163
78
200
87
188
175
129
118
183
152
162
194
105
154
128
175
122
148
156
176
151
155
102
165
92
152
194
209
161
211
156
182
176
115
182
150
116
154
143
140
144
151
148
167
177
134
145
196
133
129
129
116
172
179
177
144
159
197
188
95
151
187
130
159
153
139
114
141
119
157
188
221
145
161
132
214
178
155
165
200
192
192
153
125
149
139
148
165
191
177
148
117
103
179
167
204
167
163
168
110
213
112
180
132
117
157
183
157
118
125
144
119
208
133
183
191
166
149
191
140
128
222
160
164
147
150
137
185
164
155
143
135
141
189
126
146
158
93
190
121
158
147
209
165
150
148
124
177
137
183
160
130
139
178
148
172
137
174
244
161
156
142
114
183
223
173
167
153
114
198
141
210
113
167
83
107
132
105
193
108
186
129
173
135
119
155
127
156
162
139
171
160
191
176
166
187
192
142
179
136
160
148
145
177
108
126
182
141
116
153
110
151
131
118
151
201
175
156
145
124
157
88
134
150
206
155
167
153
189
183
161
112
175
187
179
160
142
72
103
134
161
181
117
118
160
130
83
152
180
111
172
176
185
154
182
175
150
146
140
139
189
224
95
185
178
105
90
122
168
150
103
187
132
137
123
163
197
144
148
166
127
183
183
169
192
160
135
155
218
188
199
166
160
171
117
147
151
170
119
79
171
158
150
136
141
174
168
111
188
173
102
121
158
116
198
185
118
124
154
137
174
147
158
137
134
114
68
163
165
131
131
115
153
165
120
105
134
183
102
163
166
157
140
157
175
169
143
120
125
166
103
168
134
163
207
103
140
165
102
174
181
168
86
193
110
199
137
191
165
182
121
214
163
164
190
145
182
174
169
179
134
136
119
102
123
102
168
147
173
130
146
161
127
193
175
150
140
211
204
124
183
129
175
157
125
138
46
92
188
140
108
137
187
207
134
163
130
170
184
102
101
148
147
239
121
137
120
197
139
160
183
190
115
162
71
174
177
134
156
131
146
185
158
140
137
159
125
136
118
132
84
142
178
147
180
137
140
143
190
134
119
169
159
154
178
183
142
186
136
147
125
199
149
96
101
145
184
198
121
156
159
158
154
110
127
122
155
163
143
157
221
116
131
139
130
127
191
87
125
146
144
179
146
184
170
199
146
135
113
85
122
120
136
192
87
138
134
145
159
151
141
150
99
164
137
146
165
73
184
183
141
192
192
112
170
112
169
185
214
172
133
137
156
185
111
184
240
176
197
200
184
154
150
131
85
156
242
155
109
137
122
154
191
152
124
215
129
159
163
203
164
124
145
146
181
85
229
172
171
191
153
141
78
176
97
135
132
165
208
110
92
185
162
177
158
194
167
160
151
144
122
116
157
109
137
177
160
134
150
168
177
110
158
191
127
175
119
137
103
84
186
154
149
134
150
160
192
104
118
146
142
181
168
115
167
192
125
148
101
114
193
165
110
65
190
159
127
148
119
128
136
116
178
182
133
163
95
120
115
130
125
123
132
178
165
130
145
144
130
174
189
125
137
168
192
130
161
144
124
147
140
150
148
151
175
135
122
171
193
205
148
138
40
123
170
149
130
152
174
131
167
117
175
146
136
156
108
177
124
121
187
144
144
211
207
111
200
193
166
160
180
137
134
122
218
191
116
182
165
190
187
153
160
136
69
202
224
125
179
150
169
131
139
166
107
82
230
145
105
186
150
186
205
131
145
155
191
93
144
152
181
174
103
167
195
133
60
120
91
111
155
169
184
173
177
179
178
107
207
162
150
68
211
159
148
171
112
134
133
185
149
154
159
146
173
125
154
176
173
148
115
151
161
129
181
122
123
169
172
192
120
166
119
212
104
229
150
161
103
172
159
135
145
68
179
103
172
190
155
159
104
160
178
171
100
174
159
109
138
178
191
195
118
95
196
92
124
141
120
158
164
168
174
95
172
154
160
118
146
108
130
97
117
182
142
128
141
176
99
128
174
131
171
134
97
106
155
150
149
185
159
166
135
116
140
82
133
150
153
105
102
195
98
122
216
155
136
121
99
192
148
154
104
172
127
156
104
151
158
131
202
134
190
143
149
168
150
201
228
145
113
101
160
127
192
182
123
141
164
174
136
177
96
111
123
137
93
95
146
125
200
153
174
180
164
139
166
194
144
194
189
122
165
166
192
127
141
116
159
208
113
121
157
142
168
156
102
134
121
193
177
93
110
126
158
124
182
132
143
143
132
143
156
163
185
116
177
141
152
197
101
147
135
131
182
147
151
167
122
93
116
86
172
118
175
171
103
154
159
113
200
159
89
161
165
153
187
120
143
133
122
115
156
165
147
154
169
142
116
109
150
112
136
105
138
114
164
170
192
178
164
213
107
216
92
229
160
151
173
185
156
99
112
165
225
156
108
166
147
207
141
157
129
107
108
115
139
103
203
105
152
120
157
133
116
193
131
170
145
124
163
181
111
165
169
172
125
113
191
155
145
148
180
154
171
163
166
216
150
170
169
179
130
101
151
202
163
103
160
168
143
116
182
152
104
96
170
172
82
138
200
191
165
116
109
127
140
131
124
97
146
157
202
103
141
162
131
80
139
130
141
171
80
110
148
142
108
198
174
192
155
145
104
121
192
143
106
148
190
206
116
175
164
172
83
123
147
163
131
174
189
221
190
151
120
227
111
104
163
183
173
108
142
181
92
168
177
198
114
124
149
106
136
155
135
162
169
156
157
155
115
201
200
173
104
194
92
219
96
138
184
80
130
126
140
173
198
134
161
98
194
177
123
160
162
124
119
94
143
168
158
118
150
140
132
106
226
85
91
151
144
127
139
164
102
143
148
167
154
199
149
114
104
149
160
151
169
170
165
151
163
134
176
84
159
151
167
138
177
147
115
124
129
180
203
122
100
64
142
133
179
145
180
157
91
143
201
130
219
133
151
159
119
146
150
139
112
172
162
160
132
250
109
116
144
169
121
136
161
230
168
145
146
138
83
137
119
170
114
207
164
113
94
110
184
111
185
183
110
146
150
114
149
183
177
147
152
124
146
125
111
188
149
71
106
161
105
117
136
147
174
194
111
120
193
131
188
156
114
151
156
90
192
183
132
111
112
151
152
217
123
159
184
114
175
149
164
128
124
185
151
131
196
163
129
198
112
155
132
162
160
131
144
229
190
228
128
134
167
105
132
184
101
179
194
161
191
167
96
146
201
187
96
156
141
134
133
121
114
190
146
150
139
217
173
187
162
157
165
176
129
135
124
163
177
117
209
169
77
175
146
131
159
164
202
135
147
120
116
104
144
135
143
115
114
152
129
162
129
134
108
152
160
96
76
145
143
167
206
156
149
177
100
178
