1 3 22 32 36 38
14 29 35 41 42 47
2 15 23 26 35 44
6 14 26 27 32 44
13 18 20 30 40 48
5 9 15 35 41 44
9 20 30 44 45 49
7 20 35 36 42 48
11 21 31 32 42 48
1 12 18 21 25 48
5 7 16 19 28 40
13 14 24 30 31 34
15 20 39 42 43 46
25 27 29 31 42 44
6 8 19 25 37 42
9 20 23 30 35 45
10 26 33 45 46 49
12 20 21 26 31 41
10 16 28 36 44 48
6 20 25 32 43 46
17 33 35 36 46 49
12 20 27 34 36 46
5 13 18 24 29 36
31 32 38 40 41 49
8 25 30 34 38 42
5 9 20 21 25 36
1 16 27 28 31 40
11 16 21 29 36 40
4 7 21 27 44 47
4 9 17 35 40 47
8 19 20 27 35 44
3 8 26 32 43 44
12 13 20 33 43 44
1 12 29 35 37 49
11 14 31 40 43 49
7 15 19 22 38 42
2 5 6 8 40 41
14 21 29 41 43 47
5 11 17 33 46 48
16 17 29 34 39 41
18 19 27 28 29 32
2 5 17 30 35 41
15 16 19 24 31 37
4 8 9 14 23 45
14 15 19 26 37 43
8 16 22 28 37 45
1 3 19 23 37 45
12 14 22 26 29 31
8 14 25 27 28 48
7 13 21 26 29 47
2 24 28 29 33 39
21 27 36 38 41 45
1 2 20 25 37 45
11 16 23 34 37 44
5 6 9 40 41 45
6 7 13 39 41 46
4 16 32 38 40 48
12 13 18 25 39 41
13 19 25 26 36 45
13 19 20 25 38 39
6 15 23 35 38 41
14 18 23 27 31 49
2 7 14 22 31 39
2 7 8 15 16 48
1 2 17 20 28 38
3 13 24 29 38 45
17 18 19 21 38 41
15 19 40 41 44 49
6 8 18 19 25 31
5 24 26 27 42 45
11 14 32 45 48 49
12 23 24 30 41 46
3 15 17 20 39 40
11 20 33 35 41 43
15 16 22 23 24 36
5 14 25 31 37 48
7 8 15 34 41 49
13 20 21 23 25 34
8 11 12 15 23 33
8 21 28 29 30 46
6 10 30 31 35 46
3 4 8 35 41 48
1 7 27 30 44 48
8 21 28 35 42 49
2 9 10 12 13 31
3 9 20 24 30 44
17 21 24 29 31 36
8 9 18 19 38 45
6 26 28 36 40 43
10 23 28 33 34 46
10 26 28 32 33 38
3 9 12 16 27 29
4 8 11 16 25 33
2 13 19 23 28 49
1 10 22 26 30 33
1 5 25 34 38 40
1 8 18 20 29 36
3 12 13 23 31 49
15 16 23 34 35 43
12 14 22 25 38 40
3 5 23 26 38 47
4 6 19 20 32 48
2 10 26 28 30 46
13 15 17 22 42 44
1 9 10 24 38 43
3 4 11 27 34 45
3 9 12 37 41 45
16 19 23 30 39 46
7 8 15 27 28 30
2 5 16 22 30 33
6 22 33 46 48 49
7 26 30 32 43 45
5 10 21 26 29 49
15 21 22 24 41 44
7 8 23 27 39 44
1 7 30 34 35 40
2 5 10 15 42 46
3 10 13 17 18 28
8 9 19 22 23 43
11 14 34 35 36 43
20 29 34 38 47 49
7 28 30 38 41 45
5 6 11 17 35 46
4 5 12 19 20 30
5 7 15 17 24 31
4 32 34 39 45 46
17 30 34 36 38 47
10 23 30 35 42 44
20 21 23 24 28 46
12 20 34 37 39 47
7 8 9 16 28 30
10 19 24 28 45 46
9 24 29 35 38 42
5 7 22 23 26 44
15 22 24 37 42 44
9 12 16 29 34 36
16 22 23 28 30 38
1 17 26 27 35 41
1 13 17 20 23 34
8 9 11 12 24 43
2 11 18 21 34 44
2 3 9 15 42 43
3 11 12 14 20 36
7 10 17 25 26 49
4 12 24 30 33 36
14 27 29 30 39 45
4 24 29 34 48 49
14 23 28 32 33 41
6 14 20 38 39 40
2 4 20 28 33 36
1 6 14 36 37 40
18 23 29 32 45 46
11 24 26 29 31 46
3 8 11 28 36 37
1 2 6 9 18 32
2 4 7 17 30 40
1 23 26 29 37 39
3 8 10 13 20 38
1 8 10 18 37 49
16 22 28 31 45 47
9 13 18 27 33 34
2 8 29 35 38 43
6 9 10 11 18 22
13 19 22 25 36 44
4 14 23 24 35 49
3 13 18 35 38 39
8 9 12 13 25 38
2 12 25 37 42 44
6 14 16 21 33 41
7 17 27 33 36 41
6 18 21 29 34 38
2 5 6 21 31 46
6 16 26 36 42 47
6 15 26 28 36 43
12 17 19 30 37 40
15 20 29 30 32 35
1 2 9 14 40 46
17 19 25 35 45 47
1 11 28 29 31 41
1 2 15 19 34 48
4 5 14 23 30 36
6 8 26 28 34 40
21 29 34 40 44 46
3 4 11 31 42 48
2 3 8 16 32 37
4 5 9 29 36 37
9 11 25 40 42 46
20 26 29 31 37 42
27 28 30 31 35 45
29 34 43 44 48 49
4 15 16 17 45 46
11 22 23 26 31 32
2 8 19 27 40 42
11 17 27 35 37 43
9 22 25 36 46 48
8 9 11 30 31 37
15 16 17 34 42 45
6 17 21 24 40 49
19 23 28 29 32 33
11 21 32 37 40 47
6 10 16 23 39 46
24 25 30 35 45 46
7 8 22 34 43 44
4 21 23 34 40 44
2 4 12 26 35 40
1 18 20 31 32 48
3 6 15 17 20 46
7 8 12 17 31 37
9 14 20 22 39 47
5 12 26 38 39 43
4 15 18 25 39 47
1 9 23 33 41 49
8 15 21 26 38 43
7 16 17 32 34 36
10 20 33 37 39 44
5 13 26 30 42 49
10 16 24 29 35 45
6 7 8 16 31 34
12 14 26 32 40 43
7 13 17 27 40 49
3 14 21 25 28 29
4 5 12 30 31 38
21 22 33 36 37 45
16 18 24 33 40 47
21 29 34 36 47 48
15 31 33 40 41 45
2 9 19 33 41 44
15 17 36 38 42 44
12 17 19 28 42 47
9 18 19 40 44 49
3 10 22 42 44 47
18 28 34 40 44 46
24 27 32 37 41 47
4 13 14 31 40 48
5 37 38 45 47 48
10 19 28 33 40 41
18 23 25 28 42 45
5 10 22 26 32 38
2 17 26 32 37 46
15 21 29 44 46 47
6 13 14 19 27 45
36 39 41 45 47 49
20 27 36 39 44 45
5 12 33 41 45 46
18 21 28 39 45 48
1 11 15 25 27 37
6 13 14 38 47 48
9 11 24 28 33 39
8 12 18 19 26 42
12 26 39 40 43 44
3 10 11 26 39 46
2 3 19 21 31 39
3 11 38 43 44 45
10 11 14 35 40 43
7 18 20 39 47 49
1 17 20 30 35 49
17 18 23 26 28 47
8 14 17 27 29 39
3 17 24 29 39 44
5 6 16 21 27 38
2 27 29 34 41 44
8 17 25 28 43 48
6 7 11 13 17 28
6 9 20 21 35 38
6 10 11 24 30 38
7 8 10 22 31 38
5 14 28 34 38 39
2 3 7 21 27 45
3 5 15 39 41 46
3 17 31 35 40 48
14 19 25 32 33 39
7 15 16 21 32 48
11 14 18 26 28 30
13 15 16 37 39 49
1 6 9 23 25 36
2 14 19 20 23 48
3 22 24 26 32 41
25 27 35 39 43 49
5 14 21 28 38 43
21 31 32 38 43 49
11 13 17 22 37 41
18 19 20 27 35 43
10 19 23 33 40 45
2 4 7 12 35 46
5 10 20 28 30 37
15 16 17 24 25 29
5 26 33 37 41 44
4 10 19 21 23 27
11 19 25 35 39 42
2 12 13 16 27 34
3 10 16 30 39 49
10 22 35 37 43 45
2 17 24 26 34 38
7 20 27 29 42 45
4 11 19 23 32 40
1 7 10 14 17 20
6 9 26 30 35 39
1 6 11 17 22 44
7 10 20 21 37 38
10 23 24 30 35 38
13 22 25 27 33 34
4 11 19 26 29 48
1 7 12 14 25 48
11 22 26 29 34 37
3 23 24 27 42 46
13 14 28 31 36 41
6 12 21 28 42 45
5 12 14 28 29 47
8 10 15 19 34 37
7 9 10 45 48 49
5 6 10 14 25 45
4 12 14 20 41 43
3 13 16 27 38 49
1 18 22 26 33 36
15 18 30 41 47 49
1 7 8 34 37 47
12 25 36 44 46 48
15 17 25 26 31 41
22 23 26 30 34 49
6 9 17 24 29 41
6 9 15 16 17 30
2 7 12 18 27 42
2 5 13 20 37 38
21 33 34 38 40 48
15 24 28 29 30 47
4 14 17 27 31 32
17 23 27 31 43 44
6 26 28 30 38 41
2 20 29 30 31 33
5 13 16 20 26 43
5 7 13 18 36 41
1 26 43 46 47 49
4 8 22 25 37 41
2 4 10 14 40 47
3 18 30 36 40 47
7 10 34 38 39 45
27 33 38 39 40 41
16 35 36 37 44 47
1 8 26 32 34 40
3 7 8 11 38 44
25 30 33 36 41 46
9 14 19 22 36 37
3 5 13 14 38 42
10 14 29 35 37 48
13 19 27 39 40 48
2 10 13 15 34 40
3 35 43 46 48 49
19 27 32 47 48 49
8 12 24 29 41 44
1 6 9 18 20 21
4 11 21 35 36 49
1 3 6 17 21 23
1 20 21 25 29 35
6 12 13 22 44 45
20 25 32 35 38 47
4 11 31 42 43 45
14 18 21 24 37 46
6 21 30 34 47 48
4 13 23 28 33 40
11 13 31 40 42 49
23 27 28 29 43 44
4 13 20 26 36 38
13 19 27 36 40 45
7 24 27 34 45 47
13 23 29 37 42 49
9 13 24 25 26 40
8 12 21 27 32 39
2 4 29 32 35 42
11 26 27 28 42 48
27 28 29 36 41 46
1 7 14 16 36 46
4 9 20 26 34 48
13 25 29 33 36 43
4 6 15 18 38 45
2 10 30 34 37 44
3 6 26 33 42 43
5 6 10 20 21 26
1 11 13 18 23 27
5 6 10 26 38 44
17 20 25 34 40 49
10 29 31 32 38 48
14 22 23 24 26 37
1 13 30 31 32 40
9 22 23 34 39 49
1 12 28 33 45 48
8 15 24 26 35 44
4 18 19 30 39 42
2 10 15 28 35 45
7 12 15 32 43 47
3 13 14 26 44 48
4 7 20 22 33 44
6 7 16 34 39 40
9 12 18 22 27 40
4 15 19 28 34 42
7 8 13 41 42 48
12 32 33 37 44 48
10 20 34 36 45 47
1 10 15 18 34 44
6 33 34 38 40 42
7 11 32 37 43 44
8 12 24 26 31 43
8 28 33 34 40 41
6 10 17 19 21 29
15 19 27 32 38 41
1 12 16 26 30 45
1 9 11 26 31 33
1 10 15 16 25 27
1 3 20 30 40 44
28 29 35 38 39 42
17 28 29 32 37 40
7 16 20 26 28 40
8 14 26 29 30 39
1 3 6 28 31 39
5 9 10 26 44 46
2 11 14 34 44 49
1 7 18 28 34 39
9 11 37 39 42 47
12 28 30 35 45 47
24 28 29 38 45 49
10 12 13 17 20 25
8 18 22 25 27 47
6 8 19 23 29 45
1 3 13 20 36 39
3 8 17 39 45 48
7 11 15 21 24 47
6 13 15 36 44 47
13 17 19 38 42 45
2 8 13 21 22 48
7 17 21 26 38 48
2 28 38 39 42 49
8 9 10 39 46 49
1 9 19 27 30 31
2 16 20 39 42 48
1 3 14 20 22 37
3 13 15 19 31 40
10 13 22 42 44 48
6 9 13 38 40 46
11 13 20 32 33 47
4 6 13 14 21 42
4 16 18 28 29 42
10 12 17 18 20 24
8 9 21 34 39 41
2 4 5 10 12 16
6 12 17 19 42 48
2 17 34 44 47 49
9 22 23 30 44 46
7 8 14 16 38 40
7 8 11 19 31 38
13 19 23 24 39 46
20 21 23 26 37 39
11 16 19 21 29 34
1 16 19 30 35 41
12 16 23 24 26 44
1 13 26 34 36 42
1 6 8 20 29 47
4 5 10 37 38 45
14 23 28 39 42 47
3 11 12 20 23 32
12 14 16 32 42 49
1 2 7 17 44 48
3 15 29 45 46 48
3 5 15 23 29 35
2 14 15 17 36 42
4 30 35 37 48 49
5 12 20 21 37 45
5 8 26 39 41 43
12 19 26 27 44 46
16 21 24 38 40 46
1 5 14 27 42 47
1 7 11 15 20 42
15 17 27 30 42 46
6 7 9 12 17 40
7 19 24 28 40 44
24 26 32 34 43 45
13 15 23 25 39 49
7 11 17 27 32 34
6 7 8 28 29 44
6 7 22 28 34 35
6 9 16 17 40 47
8 11 20 38 39 49
3 5 14 19 26 28
8 11 14 26 39 49
5 9 26 33 42 45
7 14 15 34 35 37
2 9 10 13 28 35
11 23 27 40 43 44
9 31 33 37 40 43
3 7 21 25 41 47
11 17 30 33 35 43
2 3 9 23 28 36
2 8 9 17 26 27
10 24 33 40 47 49
7 14 36 44 45 47
3 12 15 17 28 49
19 22 30 40 44 47
5 14 19 20 23 46
5 12 17 19 32 35
8 20 31 33 36 44
3 7 9 35 45 49
9 10 19 22 36 38
3 10 19 20 21 44
6 12 23 28 31 40
2 10 24 29 44 46
13 19 23 26 41 42
21 27 29 32 40 41
9 12 25 27 37 38
12 19 26 38 40 47
2 4 6 18 38 42
1 16 25 32 37 45
4 6 11 29 32 48
3 5 26 31 41 44
4 5 11 29 36 39
1 7 10 12 14 46
3 13 19 23 48 49
5 11 12 37 42 46
4 11 13 15 33 44
16 25 26 29 38 47
3 6 15 37 44 47
2 4 9 13 18 23
3 13 18 24 38 40
9 20 29 33 45 48
5 11 13 17 39 43
4 6 11 16 19 23
26 27 31 34 36 39
6 13 20 22 28 39
8 13 15 23 45 47
2 11 17 18 19 49
3 21 27 38 39 48
6 17 18 25 29 35
1 6 9 25 34 47
3 17 21 34 35 47
4 16 17 30 35 41
6 7 9 19 30 37
15 23 24 35 42 48
1 9 10 31 39 41
3 18 25 30 36 40
12 24 30 34 39 43
23 28 33 39 43 47
18 19 25 27 29 39
1 21 24 32 33 35
17 19 23 25 27 33
17 23 32 33 36 38
4 7 15 24 31 34
10 11 24 27 34 35
4 5 21 30 31 48
6 10 18 24 29 42
11 26 35 37 41 49
1 3 22 40 43 47
6 8 12 26 30 34
3 4 15 22 37 46
2 3 8 39 40 46
3 8 15 18 31 41
6 8 12 13 17 44
1 2 9 15 40 44
11 15 18 20 22 39
2 27 32 34 39 49
10 18 29 34 41 45
9 18 32 34 35 39
2 3 10 13 16 23
14 15 23 38 42 43
12 21 32 44 47 49
1 5 11 29 31 36
3 11 20 22 26 47
1 9 28 38 39 49
10 23 27 30 42 44
3 6 20 31 45 46
13 17 27 33 41 46
12 13 17 23 46 48
4 6 9 25 29 36
1 3 21 28 31 39
5 27 30 37 41 42
7 11 16 28 39 45
3 18 23 36 42 47
5 9 14 15 27 35
6 25 27 31 45 47
18 26 28 42 44 48
14 19 30 34 35 46
3 5 14 39 46 49
3 9 28 36 38 49
1 4 9 19 23 32
2 8 18 22 39 40
4 14 36 37 43 44
3 26 34 40 44 45
2 18 20 21 22 37
10 13 23 28 35 44
4 5 37 38 44 48
4 15 26 38 39 43
1 8 9 16 17 38
17 41 42 46 47 48
2 4 21 29 33 45
2 13 22 31 45 47
18 23 25 36 37 45
4 13 17 21 22 28
2 7 36 40 43 49
6 15 18 23 35 49
12 14 17 27 29 49
10 23 25 39 46 48
10 16 21 24 30 47
1 12 18 27 36 44
1 8 10 39 43 47
8 24 30 32 37 49
9 10 17 41 43 46
17 23 29 36 37 40
14 16 27 28 34 49
32 35 38 45 48 49
5 26 29 41 48 49
16 21 25 28 31 36
6 12 15 24 42 45
11 19 23 25 39 48
7 11 13 21 33 36
3 13 22 28 30 43
6 14 17 31 41 43
15 40 43 44 45 48
10 14 17 34 44 49
12 13 14 22 32 46
4 9 19 21 23 46
7 20 24 30 32 41
21 22 28 39 42 44
5 23 25 27 35 45
10 25 28 35 39 44
4 6 11 39 42 46
11 16 26 29 30 35
6 9 10 14 26 37
8 13 15 16 22 25
3 13 15 16 17 44
10 16 24 28 38 43
1 10 28 29 30 46
5 7 11 22 33 44
8 14 22 24 31 44
5 6 19 25 41 47
5 20 22 27 33 48
8 16 23 25 36 39
7 13 26 33 36 43
10 20 22 25 40 45
9 14 18 31 35 49
6 9 15 18 21 27
17 23 28 30 31 34
3 12 17 39 41 44
6 20 30 32 36 43
2 6 14 21 22 44
13 15 30 38 40 49
16 17 20 44 48 49
2 11 16 22 25 49
3 4 16 35 38 42
32 35 38 41 45 46
10 18 20 22 37 48
27 29 37 42 45 46
10 13 20 21 22 32
10 18 31 35 44 45
2 8 11 16 20 34
15 34 39 41 47 49
2 7 15 28 34 49
7 15 24 29 32 40
2 12 14 18 35 46
3 15 32 41 44 48
10 13 19 20 30 31
9 10 15 25 29 46
8 18 23 27 30 31
7 11 16 18 21 23
4 12 19 26 43 49
3 13 14 24 32 45
5 7 9 25 34 45
7 15 20 35 36 46
4 6 23 34 40 49
4 19 20 21 38 40
8 13 17 27 35 44
3 29 31 36 37 39
4 27 29 31 39 49
5 9 11 27 33 41
8 16 28 30 32 48
8 13 17 31 33 46
3 16 32 35 36 38
2 3 5 12 40 47
1 3 11 12 35 45
5 12 13 37 40 41
6 9 23 24 28 29
1 3 18 29 34 40
3 12 17 23 25 30
1 20 27 44 45 46
9 22 24 27 29 37
3 9 12 23 33 39
7 12 23 27 35 40
5 6 9 27 34 37
27 28 32 35 40 49
16 38 39 40 45 47
4 5 13 17 26 30
7 8 11 25 40 49
8 24 35 38 44 46
3 5 16 25 31 39
4 10 13 30 43 49
3 17 36 41 43 47
5 17 25 26 31 36
10 15 25 32 39 43
21 25 34 43 44 47
2 10 30 32 40 43
7 12 32 46 47 48
2 24 33 47 48 49
15 17 19 21 22 44
8 12 28 29 34 36
25 31 39 46 48 49
4 7 10 17 32 38
2 10 14 16 22 31
1 15 21 38 46 48
2 14 17 18 20 30
4 14 27 31 45 46
2 13 22 24 25 36
12 20 24 31 33 45
12 27 31 38 39 46
16 18 19 23 25 27
10 22 30 36 40 46
4 23 24 30 31 39
1 6 7 10 33 44
3 13 14 16 30 44
2 20 27 29 33 45
7 8 13 20 28 33
3 7 15 29 30 49
9 32 37 39 46 49
4 6 14 16 25 27
21 22 25 30 43 47
2 3 18 24 32 33
17 18 25 27 29 46
20 23 36 39 47 48
8 23 32 34 47 49
6 12 13 20 27 31
15 19 28 31 46 48
4 6 26 27 30 39
9 14 28 31 34 41
4 13 21 23 31 44
4 6 7 14 28 29
11 16 17 20 31 39
3 10 17 20 35 37
10 34 39 40 46 49
10 16 19 26 36 49
11 14 23 25 34 43
7 10 13 38 41 42
10 18 29 39 40 41
2 8 12 24 28 35
7 19 24 35 37 41
2 10 13 33 39 42
30 33 34 35 36 47
1 3 13 15 21 45
18 21 24 27 29 35
15 16 30 38 45 49
14 21 27 30 41 45
1 27 28 30 35 38
5 8 10 15 30 37
14 19 27 31 35 38
14 18 20 26 29 42
13 20 22 31 38 49
13 14 16 23 25 44
5 18 27 40 45 48
3 27 28 40 45 49
16 18 25 31 35 42
16 30 31 32 33 47
9 11 36 39 40 44
1 6 23 42 44 46
2 10 14 17 22 37
9 17 20 25 42 44
2 7 26 33 39 40
22 23 37 38 42 44
14 18 20 37 42 46
2 5 19 29 31 47
2 4 12 30 36 47
2 5 22 33 38 44
10 15 26 28 37 40
3 8 11 12 21 33
4 18 27 35 46 49
2 6 15 18 28 36
16 31 34 36 43 44
17 26 30 42 48 49
8 18 25 31 32 43
15 29 32 43 44 48
14 21 25 30 40 48
11 20 28 32 33 46
3 24 27 42 46 48
7 29 42 44 45 49
1 2 3 28 36 46
19 35 36 43 44 45
8 22 23 35 42 49
11 18 20 28 39 46
24 26 27 39 43 48
4 10 15 19 29 35
22 25 35 38 39 48
4 9 23 35 42 46
4 11 18 32 42 43
6 16 33 35 38 49
6 12 24 43 45 47
14 17 28 34 36 48
3 16 17 34 35 48
4 7 16 21 30 45
9 20 35 41 42 46
3 17 27 31 38 40
3 27 42 43 44 47
1 6 11 17 30 46
4 22 25 29 32 45
15 25 28 37 41 46
19 20 23 33 37 45
11 13 15 27 38 45
1 3 8 20 34 45
2 21 32 34 38 45
8 29 30 35 38 40
17 22 24 31 39 48
4 9 14 28 45 49
10 21 24 26 34 42
8 20 33 35 42 48
16 21 30 31 39 42
6 9 27 29 41 46
2 8 13 17 20 40
3 6 16 25 32 38
2 12 16 30 48 49
5 6 17 20 25 49
1 11 16 18 20 40
3 5 24 44 45 49
24 28 34 36 45 48
8 10 17 22 29 49
6 10 24 28 31 37
2 12 13 23 44 47
9 14 29 37 44 46
33 34 35 43 44 45
7 8 17 26 29 43
7 11 12 23 37 44
3 4 8 11 14 36
10 11 23 34 35 36
12 13 19 20 36 45
11 14 17 20 21 46
5 6 11 19 34 44
1 4 6 26 33 47
6 18 19 24 46 48
5 13 16 17 34 46
9 19 34 36 45 49
1 27 34 36 38 44
13 22 26 42 46 49
19 24 29 31 35 37
3 15 20 26 34 43
2 3 18 29 37 43
1 11 30 34 39 49
1 8 12 17 42 43
14 19 20 22 25 38
16 18 19 26 34 49
11 19 28 33 37 42
23 26 29 38 39 42
11 13 22 26 28 30
1 5 7 8 12 42
5 11 15 17 27 44
2 36 39 42 43 49
5 18 23 26 42 44
10 25 26 29 32 48
11 19 35 38 40 45
7 23 26 41 45 46
4 17 35 42 47 48
2 12 14 17 40 47
8 20 24 34 35 48
6 10 12 26 43 44
1 16 19 22 40 48
19 20 36 37 40 46
22 25 28 32 38 47
5 16 21 27 31 38
7 17 18 20 21 42
24 27 30 32 34 37
2 13 15 44 45 48
10 15 16 30 39 48
3 5 7 17 21 41
2 3 33 38 40 44
3 13 33 36 38 41
6 7 14 19 37 44
16 18 26 29 34 45
2 19 24 35 43 47
9 27 31 34 45 46
8 27 37 39 44 49
4 7 24 42 43 47
8 10 14 22 31 38
15 19 24 26 41 47
9 18 22 28 30 39
2 9 36 43 44 47
4 5 6 7 21 45
1 18 29 42 45 47
19 30 40 41 44 45
17 27 28 31 35 47
4 9 19 20 22 25
3 10 16 19 34 42
14 24 27 28 32 45
6 19 25 27 34 40
9 14 21 24 40 48
3 5 8 32 37 49
8 14 19 36 44 47
7 18 30 39 45 48
3 4 24 39 40 43
17 19 20 32 37 45
7 11 12 15 25 37
3 5 7 13 17 21
5 16 29 33 37 43
1 5 17 19 40 48
1 7 8 11 38 49
6 20 22 23 42 49
15 25 37 43 44 48
4 8 28 39 41 46
3 16 18 25 27 49
2 11 19 25 31 44
10 27 32 34 41 48
3 13 20 32 39 42
7 20 26 33 37 48
6 8 29 30 33 47
17 21 37 38 42 49
13 17 22 23 24 29
18 26 28 32 45 47
1 4 6 10 24 30
4 14 15 18 39 45
1 3 21 36 42 49
3 12 19 22 28 33
3 12 23 43 45 47
3 13 17 28 42 49
1 3 17 26 35 48
2 25 31 34 43 44
4 5 6 34 44 49
3 5 9 30 36 39
9 17 18 33 36 46
10 12 18 28 40 45
5 20 26 37 39 49
17 18 25 29 32 41
3 9 10 25 26 40
13 19 24 31 37 46
3 10 11 22 30 39
2 8 18 20 25 37
2 16 17 29 31 47
1 10 20 21 24 42
7 16 19 21 36 44
8 25 27 40 41 46
3 21 22 23 31 32
25 28 33 34 45 46
1 2 19 26 29 31
8 10 32 34 35 49
9 11 30 32 33 36
1 18 19 22 39 40
8 13 19 37 40 45
14 22 26 31 37 42
24 25 26 29 36 40
2 16 24 40 44 45
16 20 22 27 43 47
2 3 7 25 32 35
2 3 15 28 29 38
1 19 27 34 44 46
6 8 17 31 34 46
12 16 20 21 31 39
5 6 13 24 26 40
9 14 25 36 40 47
1 4 5 9 48 49
8 18 22 25 28 29
14 16 33 39 42 45
2 6 14 18 25 43
1 12 15 25 36 44
3 7 10 23 24 37
11 14 18 22 24 35
4 6 18 25 43 49
3 6 43 45 47 49
2 4 8 27 42 45
13 14 27 28 33 44
1 4 6 18 44 46
6 23 30 40 42 44
3 16 19 30 39 40
11 21 33 34 40 49
20 23 30 35 38 39
4 5 16 41 47 49
6 15 16 30 40 46
3 10 38 42 44 45
4 18 24 25 26 42
7 10 26 30 37 40
1 9 10 23 31 43
17 18 29 31 34 35
3 8 18 21 29 47
1 12 21 27 30 33
13 21 31 33 38 49
3 4 7 25 30 37
2 11 18 20 28 36
8 26 28 31 37 42
10 17 20 21 23 43
5 12 19 23 28 32
9 16 19 22 40 44
1 2 11 22 29 41
13 17 29 30 37 46
7 12 22 25 36 45
10 24 35 37 41 48
1 12 20 31 34 49
3 12 34 40 45 47
2 10 23 32 41 43
6 8 19 28 33 48
5 13 21 38 40 43
1 6 22 26 32 35
4 7 10 11 15 18
13 19 20 28 34 40
1 8 28 29 37 39
1 30 32 42 43 48
2 14 16 32 33 39
1 4 6 16 28 41
7 12 20 26 38 46
5 8 26 33 43 44
3 4 9 21 34 48
4 19 20 25 38 42
3 6 9 12 13 32
17 21 24 34 36 40
2 16 18 23 32 49
9 29 31 38 43 44
2 6 8 18 36 49
4 8 21 37 38 40
21 24 38 39 40 49
1 9 23 40 42 47
9 10 16 24 25 26
25 28 30 33 43 49
8 11 14 25 32 44
16 20 32 41 46 47
23 26 35 41 42 44
9 14 21 24 30 44
2 10 11 26 33 48
4 17 18 23 34 43
3 6 13 15 19 20
2 15 36 38 42 45
2 16 25 34 45 49
3 7 9 23 29 45
16 20 21 30 43 47
7 16 23 33 38 46
10 11 13 27 30 46
3 8 19 32 34 45
3 24 35 36 39 46
23 25 27 43 46 48
16 26 27 34 38 44
9 11 20 24 29 33
3 7 8 32 39 47
1 10 14 32 41 44
5 18 25 34 43 48
7 23 27 31 44 45
5 10 18 33 36 49
3 4 8 22 33 48
14 20 26 33 42 44
6 14 17 25 42 46
1 7 20 22 24 46
23 24 27 36 45 48
3 11 24 25 28 36
1 12 22 26 37 42
3 13 19 26 33 40
11 19 22 29 41 48
6 27 32 34 37 49
14 20 21 31 43 46
3 23 24 30 39 49
10 15 16 23 36 42
2 6 15 28 33 49
15 24 32 35 42 48
1 18 19 22 31 46
11 28 42 43 45 49
6 8 11 19 24 26
4 14 26 28 31 44
22 26 27 35 37 41
1 9 11 24 42 46
20 22 23 29 31 45
4 11 20 26 29 42
9 10 13 24 42 44
4 9 14 15 18 22
13 20 22 23 33 42
2 13 24 27 32 33
2 10 21 44 46 49
3 15 17 32 42 49
2 14 17 19 46 47
20 24 27 28 29 48
1 12 20 21 29 32
3 12 24 29 34 41
4 10 19 20 22 43
10 16 22 38 42 47
8 15 21 30 35 49
1 4 16 21 27 43
4 16 24 26 34 45
4 10 11 16 40 48
17 26 37 39 41 42
8 11 21 39 45 46
10 19 29 36 37 41
7 18 23 25 34 48
13 15 16 36 43 47
6 9 16 17 40 43
2 13 33 35 36 43
2 13 30 31 38 49
4 7 19 32 43 46
5 10 13 38 45 48
13 18 27 33 36 43
5 20 24 33 38 42
4 17 31 33 35 39
1 14 16 18 33 44
7 17 33 41 45 47
1 28 33 34 42 49
1 18 20 25 35 46
7 12 22 37 41 43
19 20 24 36 45 49
9 12 16 21 24 30
3 6 18 22 25 43
8 11 13 31 39 44
9 11 12 26 44 45
6 8 30 35 40 42
12 14 25 33 34 44
9 11 16 28 31 48
9 13 23 26 41 42
1 3 10 16 36 38
11 14 26 37 42 43
8 12 20 23 26 40
9 16 20 21 22 27
9 12 15 31 38 41
4 5 8 18 34 35
14 15 20 28 33 37
1 10 27 32 44 47
18 31 36 39 42 47
9 26 35 39 45 49
2 5 26 34 35 36
7 8 10 20 21 49
5 9 11 17 18 29
3 8 18 31 39 45
2 17 32 36 39 43
6 22 28 38 39 47
12 35 39 42 44 45
6 27 38 40 43 44
7 14 16 18 44 49
3 12 34 35 42 49
7 8 10 12 20 38
8 23 25 29 42 45
4 5 15 19 28 36
5 9 11 37 39 41
5 7 21 27 34 44
5 14 17 20 37 40
18 29 31 33 44 45
8 9 15 26 44 47
9 10 20 29 38 40
20 30 36 39 43 46
5 16 25 37 45 49
9 23 30 36 40 45
11 13 17 22 27 28
2 7 16 27 36 49
21 25 26 29 35 49
9 11 17 36 38 47
1 3 15 39 40 44
14 17 20 21 27 31
16 21 23 25 38 47
5 16 27 42 45 49
3 6 8 12 18 46
12 34 36 41 43 44
13 24 25 30 32 45
14 15 17 25 36 39
13 21 23 35 38 47
2 4 9 12 24 31
3 4 14 16 19 32
7 8 16 22 41 44
23 28 34 36 37 47
1 9 13 18 26 38
20 23 30 37 39 41
2 7 18 30 40 43
3 8 13 22 25 35
5 14 16 20 29 30
6 9 15 17 31 43
4 5 19 32 35 49
10 32 35 37 40 44
1 4 15 45 47 49
21 22 28 30 32 49
5 13 20 37 43 47
3 16 26 28 33 36
3 12 18 23 24 38
7 12 13 16 31 34
10 13 27 35 43 47
2 5 11 18 28 46
1 2 4 10 36 40
6 11 19 25 27 40
22 24 25 28 46 47
1 18 22 38 41 43
7 19 23 38 39 40
2 11 13 22 25 37
4 15 21 26 30 38
5 9 18 38 40 43
3 8 18 19 21 30
6 7 15 24 28 36
7 12 14 17 23 40
1 8 15 34 35 36
8 14 29 39 45 47
2 8 11 21 40 45
6 22 26 28 43 44
11 12 17 29 32 36
7 37 41 46 47 49
33 35 37 39 48 49
9 10 17 18 32 48
13 22 26 31 36 38
2 8 29 40 47 49
2 12 13 17 28 29
4 20 28 29 39 47
3 7 10 13 42 45
1 2 5 8 29 43
6 10 39 40 43 46
17 21 31 36 37 46
10 11 12 36 38 47
5 13 23 32 35 45
8 12 17 34 35 47
4 8 20 21 28 40
2 4 6 12 29 37
13 20 23 24 27 45
3 10 14 21 24 30
7 19 23 38 46 49
2 15 21 32 44 48
4 5 13 15 19 39
7 16 37 39 41 43
10 14 24 27 36 38
2 6 12 14 29 49
16 17 25 27 39 42
4 24 29 36 40 48
13 21 24 26 27 46
10 16 17 18 39 45
5 10 21 26 27 28
6 18 23 29 31 33
18 29 31 41 43 44
1 23 28 35 38 39
4 8 11 14 23 39
6 14 15 32 35 43
1 3 14 36 37 43
9 24 26 28 29 38
3 10 22 25 30 48
2 17 20 21 22 23
15 25 26 30 33 39
12 15 20 34 39 48
9 22 29 30 33 46
4 5 7 41 44 49
32 35 39 40 46 47
1 9 24 25 38 43
10 14 15 24 25 32
1 5 20 30 35 39
2 6 15 24 40 43
11 12 13 19 22 26
5 7 15 17 25 49
11 21 23 30 35 38
23 27 34 35 41 45
6 18 36 40 42 44
5 7 8 22 32 33
4 9 15 32 42 43
14 25 26 30 38 45
21 25 35 39 40 49
9 24 30 33 37 38
3 14 21 29 41 42
4 7 8 10 17 30
6 10 22 23 36 37
5 10 13 16 34 37
1 3 5 20 23 40
1 19 27 28 48 49
1 14 24 30 36 46
2 7 21 22 34 37
4 10 22 25 26 37
2 5 7 36 38 44
2 34 36 41 43 46
8 21 32 41 43 48
2 7 25 28 41 48
9 17 22 26 28 48
2 11 13 21 24 37
5 10 13 21 24 25
6 14 21 25 39 43
14 17 18 22 29 37
2 3 18 23 37 38
11 15 18 19 25 49
1 17 23 30 36 45
4 14 16 30 31 37
25 33 35 38 44 48
2 9 23 30 32 39
7 13 17 29 41 42
12 32 34 38 44 47
2 18 22 32 35 39
6 12 15 23 29 32
5 11 27 28 32 40
6 15 18 19 29 33
1 4 21 24 27 35
2 12 13 15 43 49
7 25 28 29 39 46
3 22 26 35 39 43
4 5 19 21 40 41
3 7 8 10 31 40
5 18 24 35 43 49
6 10 11 24 41 42
3 9 17 25 34 47
1 13 14 20 38 40
2 23 25 37 38 46
3 8 21 31 35 43
4 7 14 28 32 39
14 24 25 28 36 41
1 12 13 24 32 35
15 19 28 37 43 46
3 7 8 9 12 13
15 17 21 31 34 47
5 12 27 33 36 38
12 13 17 19 29 31
1 27 31 38 41 49
7 38 40 44 46 48
3 7 21 24 40 47
3 5 16 19 25 44
5 15 23 25 43 49
1 7 23 37 46 48
8 30 39 41 44 49
2 7 22 32 41 44
13 19 23 36 39 45
4 7 10 18 39 46
2 8 14 16 18 46
4 12 16 20 30 34
1 7 10 13 40 45
8 12 16 17 18 47
1 3 13 15 21 25
1 11 14 25 27 31
2 3 18 33 47 48
12 22 26 30 34 37
6 31 32 33 34 41
6 15 30 42 44 46
19 25 41 46 48 49
8 12 30 33 36 47
20 23 24 26 37 40
2 3 10 13 23 44
7 20 26 35 36 38
10 31 37 42 43 49
8 10 16 38 40 41
1 7 11 20 43 45
4 6 10 20 29 43
7 16 20 32 40 45
4 10 16 29 30 46
13 15 18 35 40 43
1 14 15 28 40 45
18 22 24 29 34 39
8 9 33 37 40 48
4 15 21 31 39 42
8 12 15 28 35 43
6 22 30 33 43 47
12 13 23 28 31 34
25 31 34 36 39 49
11 14 18 27 33 34
3 21 24 26 29 46
4 12 20 27 36 47
7 16 19 30 31 38
8 20 25 29 33 48
10 24 34 39 41 49
1 4 5 8 27 28
5 8 9 25 26 43
4 7 26 28 36 41
6 19 23 33 34 38
2 9 15 23 33 46
6 10 25 26 27 38
8 20 36 40 43 48
1 11 12 35 37 47
10 11 15 22 26 41
15 17 26 33 35 40
3 15 17 38 43 47
4 16 19 21 28 49
17 22 31 44 48 49
2 5 10 23 31 32
18 21 28 42 47 48
7 9 16 23 27 42
2 15 16 28 39 41
5 15 20 25 40 49
9 11 16 28 38 40
11 19 21 22 27 42
21 24 41 46 47 49
14 20 23 32 40 41
12 14 19 24 37 47
3 18 22 25 30 45
8 13 16 19 27 44
4 9 15 28 36 39
8 12 16 26 35 45
4 5 6 18 44 49
19 26 33 38 46 47
7 16 21 24 29 46
2 12 24 28 31 47
2 10 26 30 48 49
7 8 10 16 22 25
2 3 25 30 31 38
16 22 41 45 48 49
2 6 15 21 29 37
2 3 7 17 26 44
3 4 16 19 34 39
4 13 25 38 45 48
1 9 18 23 36 49
1 4 6 26 36 44
5 12 14 20 27 43
3 4 9 13 25 47
15 22 24 27 29 34
13 17 23 24 31 33
8 16 23 28 30 45
6 24 29 44 47 48
6 11 27 32 43 48
6 9 17 28 39 47
11 24 27 28 32 40
14 17 19 22 31 40
7 10 12 22 43 44
5 19 24 33 38 46
7 17 30 35 36 39
7 18 26 29 36 39
5 11 23 35 41 46
6 14 23 29 43 44
1 12 18 19 22 35
8 31 38 40 41 42
6 12 18 30 34 39
8 11 28 35 37 46
26 37 38 41 45 47
1 19 22 39 44 47
8 9 25 29 36 44
11 12 15 28 37 49
12 15 24 27 31 43
18 29 41 46 47 49
3 10 12 23 24 43
13 20 23 27 38 41
10 25 27 32 37 39
8 9 14 18 22 39
1 2 8 26 31 38
2 10 25 26 33 41
1 13 21 32 43 44
12 21 28 33 37 44
12 14 26 30 34 45
2 21 26 37 38 47
5 11 20 24 34 41
21 32 38 43 48 49
11 16 19 20 30 37
1 8 10 14 25 34
8 10 11 12 21 30
5 14 22 26 45 47
5 22 26 35 38 43
5 10 21 27 41 44
7 15 21 34 39 48
7 22 26 31 35 44
6 22 29 47 48 49
2 12 23 32 39 42
6 14 16 28 30 47
5 13 14 18 20 41
16 26 27 28 35 43
24 28 30 31 43 49
5 9 10 28 44 46
13 17 22 26 42 46
11 17 24 32 43 45
14 24 30 34 35 44
17 24 29 35 37 47
1 8 15 18 23 26
18 21 23 30 32 41
18 20 24 29 33 42
12 17 18 31 32 38
7 21 23 30 35 48
3 15 22 27 32 46
7 13 20 34 40 41
4 14 17 25 29 44
8 15 28 43 45 46
16 17 18 21 25 26
11 20 23 28 29 34
13 14 20 31 42 45
17 25 34 37 41 46
3 17 28 31 32 34
20 21 29 40 46 48
12 13 15 24 25 33
7 18 27 29 47 49
1 4 16 23 25 30
5 9 11 16 45 49
4 14 20 26 27 35
16 23 29 36 37 45
1 6 20 33 41 48
16 22 25 26 37 44
8 22 24 28 30 33
17 19 22 25 29 49
3 14 17 26 31 44
10 11 32 35 44 45
1 7 10 13 29 33
10 11 16 22 42 44
4 6 12 14 18 24
6 21 22 29 40 46
17 27 28 40 41 46
2 11 12 26 32 40
1 11 14 21 23 32
23 25 30 31 40 44
2 23 29 38 39 46
5 16 18 32 41 47
5 6 16 21 31 36
3 7 26 36 39 47
5 9 10 41 43 44
13 17 24 30 33 34
4 6 12 26 35 43
8 11 15 20 22 32
6 14 19 31 34 48
2 10 14 15 38 45
3 5 8 15 17 35
12 35 36 37 41 48
9 13 15 26 48 49
5 11 14 30 37 45
6 21 26 32 35 45
8 27 33 36 39 49
2 11 13 17 29 33
3 7 16 19 45 49
8 10 15 17 37 42
5 8 11 12 38 44
6 9 18 47 48 49
8 13 23 32 33 47
7 13 34 40 42 45
3 18 29 37 40 43
2 10 11 24 38 39
4 21 24 27 44 49
6 11 15 20 22 29
9 26 28 30 40 47
9 11 12 14 18 30
20 23 26 28 39 40
1 18 19 26 36 44
2 5 8 18 23 42
1 20 33 36 42 49
16 25 27 32 45 47
7 11 14 22 40 44
5 8 32 37 39 49
6 23 24 30 32 49
1 2 22 34 36 37
9 10 18 28 40 49
8 22 29 41 43 49
8 30 32 33 39 44
1 9 33 34 46 47
2 15 19 33 35 41
5 8 20 25 28 41
1 4 9 19 48 49
10 11 15 28 39 42
10 15 22 26 32 42
6 9 28 31 32 49
2 18 38 41 46 49
3 35 41 44 45 49
10 16 30 34 39 43
1 4 12 18 29 47
11 30 31 33 36 45
2 12 20 35 40 44
28 31 42 43 47 49
1 4 15 17 31 41
2 4 8 9 15 35
3 8 13 21 27 49
10 18 23 35 42 43
7 19 31 34 40 48
10 17 34 37 40 42
16 21 26 35 48 49
5 7 10 18 43 44
8 14 15 18 35 46
1 10 28 44 45 48
5 21 25 28 36 37
5 18 19 28 38 46
8 14 24 25 37 46
1 9 20 27 34 37
9 13 15 23 30 39
14 21 25 28 29 38
18 24 29 32 34 44
4 6 16 24 46 49
11 20 26 30 32 35
2 11 13 27 36 38
3 6 14 32 46 47
1 2 16 26 27 38
6 13 18 24 38 44
10 15 16 21 24 41
6 8 9 20 22 48
4 13 17 18 38 40
4 6 16 17 19 30
3 11 18 20 35 38
6 16 19 23 31 49
1 18 23 27 38 49
4 16 18 35 39 44
3 4 5 39 41 48
12 18 21 35 37 39
2 9 17 40 41 43
3 9 17 43 46 47
8 10 12 21 25 36
1 10 19 25 26 41
6 16 17 29 33 39
4 6 10 24 45 46
3 4 6 17 21 29
5 13 17 27 28 42
1 5 13 17 29 44
3 20 28 36 40 41
7 8 16 26 27 33
2 9 32 41 44 47
4 8 10 16 39 48
6 16 31 38 39 43
7 13 17 20 34 47
3 10 19 20 36 44
19 31 35 40 43 44
6 23 29 37 38 45
3 7 16 21 31 33
15 19 24 26 29 48
2 10 12 29 39 45
14 18 26 29 48 49
1 5 13 15 38 43
7 16 20 29 31 40
5 11 12 15 20 23
5 10 20 28 35 47
2 12 32 34 46 47
1 7 8 21 42 47
11 27 32 33 40 42
1 11 16 28 31 32
12 15 18 34 40 42
13 14 18 37 41 44
9 26 28 31 34 39
8 11 22 34 42 46
4 12 14 17 39 46
3 14 22 33 39 43
9 14 17 24 25 30
6 7 9 22 25 30
11 14 30 36 39 46
3 4 5 9 43 49
1 18 21 28 37 40
5 6 25 26 39 48
6 15 23 25 32 43
1 2 17 21 26 34
9 11 16 22 36 48
16 18 24 34 43 44
2 5 14 15 30 44
8 11 20 23 35 42
2 8 11 21 22 24
8 12 19 21 33 35
13 15 26 28 40 42
6 8 12 23 26 33
3 17 18 31 36 40
2 8 17 29 37 45
10 16 36 37 40 42
7 9 29 32 36 41
4 8 28 30 48 49
1 6 22 25 42 46
5 20 25 28 39 40
16 32 33 36 39 47
8 19 32 43 46 48
13 27 32 36 46 47
4 25 27 29 32 43
14 24 28 29 31 38
2 7 19 31 38 39
12 19 25 29 36 38
1 3 13 29 31 49
1 3 15 17 18 34
2 8 23 31 32 34
13 21 26 36 42 43
9 12 20 40 45 48
2 16 24 27 30 48
8 13 17 19 27 44
17 18 30 35 47 48
5 7 13 26 34 48
5 10 11 17 19 21
7 17 19 23 39 44
8 13 23 37 39 46
2 17 18 26 35 39
16 18 22 30 33 43
9 17 22 24 39 48
10 15 16 22 40 46
5 10 20 27 39 46
7 8 12 19 22 36
8 14 28 29 32 38
10 11 22 29 36 42
10 23 36 38 40 46
3 8 18 21 29 49
4 5 8 14 16 34
4 5 21 22 28 46
8 21 23 25 26 39
3 9 12 22 32 49
2 5 8 19 21 25
1 8 9 25 31 47
8 25 39 42 47 49
6 8 12 24 26 46
8 10 12 27 30 48
4 22 23 27 39 43
2 11 15 41 45 47
1 6 11 16 44 49
5 17 21 25 29 46
12 19 29 32 43 47
1 8 20 30 33 40
1 8 23 38 40 46
8 17 22 34 38 47
4 7 9 23 28 32
11 12 14 29 34 49
8 9 17 27 29 45
4 13 29 30 32 46
1 6 13 14 20 47
6 7 14 19 37 39
6 15 28 32 33 42
6 14 26 44 45 47
8 12 13 16 41 49
3 5 6 10 27 46
1 9 25 27 33 34
4 16 21 30 34 39
14 21 30 41 43 48
3 8 16 17 24 42
6 18 20 25 43 45
5 11 24 30 40 42
2 16 24 32 34 38
8 19 22 30 39 44
9 11 12 40 43 45
4 25 29 30 46 47
18 31 33 36 48 49
14 17 21 25 33 44
15 19 28 34 44 48
5 18 26 38 42 44
1 7 13 24 26 31
2 16 21 40 46 49
8 9 29 30 40 42
22 23 30 31 37 46
4 18 27 28 39 45
5 16 17 40 42 47
6 12 19 21 35 37
14 21 23 26 27 42
14 25 33 36 42 48
11 13 22 29 35 47
3 10 13 31 33 42
5 6 10 15 27 44
2 4 17 28 40 48
2 32 35 37 43 48
1 4 24 35 44 49
9 18 24 39 43 48
6 8 19 38 46 48
6 11 13 29 40 44
2 16 21 32 39 43
22 23 27 33 39 47
2 13 28 37 43 48
8 12 29 33 43 47
24 26 42 44 47 48
13 15 21 30 33 36
3 15 23 43 44 47
4 20 26 37 43 45
8 20 25 30 35 46
2 3 12 21 24 26
6 13 16 19 33 35
16 21 23 30 31 32
10 12 16 23 38 40
15 19 20 25 33 39
6 8 14 37 40 44
26 30 32 41 44 46
3 8 19 30 34 37
2 8 10 24 34 47
9 19 27 30 38 44
1 22 27 33 34 38
2 3 14 28 36 41
4 22 36 40 43 49
4 8 22 36 46 47
8 33 39 40 41 44
4 9 11 18 35 40
1 16 37 38 41 44
3 6 12 15 29 33
18 29 32 33 40 41
23 32 36 38 39 40
3 29 32 34 48 49
22 34 38 39 42 49
6 10 17 29 33 49
4 15 22 25 39 40
9 12 24 37 44 48
1 6 8 13 34 39
4 10 36 38 46 47
4 20 26 34 35 37
1 2 13 17 26 40
12 18 23 30 31 34
16 17 21 34 45 47
3 8 10 17 18 26
23 30 37 38 40 42
2 11 20 22 29 48
1 13 20 26 37 45
10 11 13 23 28 48
10 13 16 33 44 49
16 20 34 39 41 48
6 15 26 37 42 47
12 17 27 35 41 45
2 3 4 10 14 29
1 7 14 19 42 44
21 31 34 45 46 49
4 17 37 38 40 44
4 14 25 32 45 47
18 22 24 33 37 48
2 11 14 16 19 29
15 16 24 33 39 41
11 16 25 26 27 49
2 13 19 22 31 38
5 20 21 31 33 47
4 11 30 41 45 48
11 24 30 41 43 45
8 20 23 32 38 41
1 14 16 25 29 41
8 25 34 37 41 43
8 9 22 37 42 45
1 8 9 27 42 46
4 12 19 39 43 46
2 20 22 36 38 39
2 9 10 11 19 35
3 5 10 11 40 41
10 26 29 30 39 46
10 19 21 28 31 41
12 16 35 44 45 48
5 18 24 36 43 47
8 11 20 27 40 47
4 15 27 34 43 44
11 19 20 25 35 36
5 19 29 32 36 37
1 15 37 38 41 42
10 18 20 28 33 39
11 16 38 39 41 46
14 18 34 36 41 45
6 12 13 18 20 47
4 5 19 28 39 41
6 13 14 16 17 33
4 6 29 30 34 35
16 20 27 35 37 48
17 19 23 25 28 37
10 15 20 32 43 48
1 19 25 34 38 47
3 14 21 25 30 49
3 15 27 29 35 41
8 12 27 29 38 44
7 34 35 37 40 48
5 10 13 31 39 41
4 12 22 27 36 47
1 12 13 24 45 46
13 19 26 27 32 33
4 9 23 45 48 49
16 22 25 32 34 39
2 8 17 19 26 32
4 11 17 18 21 22
8 15 16 24 26 48
15 17 30 31 32 37
9 15 17 22 39 45
12 25 30 31 40 45
3 6 27 29 38 39
16 17 28 32 36 48
1 16 24 38 39 41
4 12 27 32 45 48
7 11 23 28 39 45
2 23 27 28 32 37
3 16 32 38 40 44
4 6 23 28 33 44
10 15 20 25 41 48
16 32 34 35 41 42
9 15 18 22 36 38
3 12 20 24 32 34
21 29 32 33 39 47
4 9 17 25 44 49
3 4 9 11 14 15
2 17 19 25 40 42
5 20 23 25 29 33
20 30 40 42 44 47
21 30 32 34 40 44
3 11 29 34 35 46
19 27 37 38 47 49
3 18 20 31 33 48
15 20 23 32 36 47
3 9 11 21 33 43
13 23 26 27 41 49
11 16 18 35 37 45
3 6 14 21 22 26
1 7 8 22 45 47
11 14 29 31 43 44
6 10 12 14 17 34
15 27 30 35 43 48
3 10 18 30 36 44
9 12 16 28 37 42
2 10 25 33 39 47
12 32 36 38 39 40
1 6 23 24 41 46
5 9 12 18 42 43
6 8 20 22 23 44
1 9 23 31 33 42
2 24 25 26 27 42
2 4 5 24 38 41
8 17 33 35 36 45
3 6 17 19 33 36
2 16 24 42 47 49
3 4 14 18 22 34
3 16 19 22 34 40
2 9 21 31 34 37
1 4 12 20 22 34
11 12 22 31 32 40
1 7 12 20 41 47
6 14 23 41 45 47
1 9 17 36 39 49
1 8 13 21 32 41
1 2 9 14 37 38
1 4 16 22 35 36
4 13 16 35 41 44
2 8 11 12 21 23
1 23 32 33 46 48
2 16 20 29 36 44
7 8 20 27 39 40
6 7 11 29 31 33
6 27 34 35 45 48
25 26 30 31 37 43
2 5 6 16 28 35
15 17 19 22 28 46
2 9 18 21 27 44
5 6 9 29 34 36
6 11 21 34 38 41
6 9 17 29 37 41
6 11 21 35 40 41
21 22 23 24 36 38
10 15 33 35 45 47
10 12 29 35 41 46
7 18 22 34 38 47
22 24 26 27 46 48
9 16 20 23 24 47
6 9 12 21 22 47
3 15 21 39 40 48
7 11 21 26 28 36
4 20 25 28 32 41
1 16 29 33 38 48
4 8 12 24 25 29
8 10 15 19 35 41
3 36 37 43 46 47
2 3 23 33 36 48
12 29 30 33 34 41
3 6 15 34 45 48
10 14 17 18 30 31
2 11 21 29 36 49
14 16 23 40 43 45
8 16 19 20 41 43
3 4 14 39 42 47
18 19 20 25 32 41
15 17 21 27 32 35
3 5 12 22 24 30
4 14 28 34 38 40
2 8 25 39 43 48
1 6 9 14 23 35
4 8 24 30 38 40
13 17 23 29 40 49
10 17 25 26 40 45
10 11 20 21 23 34
7 19 21 23 29 43
4 8 29 35 39 49
1 28 33 42 44 46
15 17 22 25 29 41
7 29 30 33 35 47
2 7 11 36 38 49
1 10 12 16 17 20
15 17 24 35 40 43
18 22 31 34 36 44
1 2 19 30 38 43
7 9 10 19 37 38
4 15 27 33 34 47
24 26 31 42 43 45
1 18 19 40 43 44
10 11 21 23 38 44
7 11 20 29 42 47
20 21 27 31 43 49
3 6 14 29 40 43
9 18 32 37 40 48
7 22 23 28 32 33
3 12 25 26 27 38
9 24 35 40 46 49
7 12 19 29 30 37
25 36 39 40 41 48
2 10 27 33 42 47
12 19 20 28 40 43
8 10 12 33 42 47
1 12 15 30 41 44
9 12 22 27 46 48
2 3 22 35 37 45
2 6 12 25 29 43
8 10 12 22 28 35
1 11 21 33 45 49
9 16 20 30 34 41
18 24 32 41 44 45
7 16 20 27 28 30
6 21 23 27 39 44
10 23 34 35 36 43
1 14 15 19 40 41
23 27 28 29 30 36
4 18 36 40 44 49
7 17 29 30 41 45
1 3 6 11 20 38
2 8 17 34 35 44
16 18 27 31 34 40
3 8 13 14 32 36
20 23 29 30 37 47
2 3 5 16 17 34
4 8 11 15 31 38
1 10 13 16 24 26
1 12 23 28 35 38
5 11 27 38 39 45
7 18 24 27 31 40
4 9 14 24 44 47
11 13 22 28 32 37
9 15 17 20 23 40
24 36 40 41 43 47
4 5 37 39 43 49
