Kombinacja	Liczba wystąpień
21,22,25	16
21,24,27	16
17,21,22	15
18,19,20	14
19,22,25	14
32,35,37	14
41,42,47	14
45,46,48	14
2,9,11	13
3,6,8	13
4,5,8	13
6,9,10	13
13,15,22	13
18,21,24	13
19,20,22	13
22,23,24	13
25,26,27	13
30,31,34	13
44,45,47	13
2,3,6	12
3,7,9	12
4,9,10	12
8,12,17	12
10,11,12	12
11,12,14	12
12,13,14	12
16,19,27	12
19,20,21	12
19,20,24	12
21,23,26	12
22,25,26	12
30,32,36	12
32,33,37	12
36,37,39	12
42,44,45	12
45,47,49	12
1,4,5	11
3,6,7	11
3,6,15	11
3,11,12	11
4,5,10	11
6,8,12	11
9,10,13	11
9,12,17	11
11,12,15	11
11,12,23	11
12,13,16	11
13,15,17	11
13,15,20	11
13,16,18	11
14,19,24	11
17,18,22	11
21,22,26	11
23,24,28	11
23,25,28	11
25,27,31	11
26,27,28	11
26,33,34	11
27,29,32	11
27,30,32	11
28,38,39	11
29,30,32	11
29,34,35	11
30,35,36	11
31,41,42	11
32,34,36	11
35,36,37	11
35,37,48	11
35,38,39	11
36,37,42	11
36,39,45	11
38,40,46	11
41,43,46	11
46,48,49	11
2,4,6	10
2,6,7	10
2,6,10	10
3,4,7	10
3,5,6	10
3,7,11	10
4,5,6	10
4,6,7	10
5,7,9	10
6,9,13	10
6,10,15	10
7,11,13	10
7,13,17	10
8,15,17	10
8,18,19	10
9,11,17	10
10,11,24	10
10,13,14	10
11,14,15	10
12,15,17	10
12,16,21	10
12,17,21	10
13,15,16	10
14,16,19	10
14,17,18	10
15,17,24	10
15,18,21	10
16,18,19	10
17,18,19	10
17,18,23	10
19,20,27	10
19,22,23	10
20,21,23	10
21,22,24	10
21,23,24	10
21,25,29	10
23,24,29	10
23,26,29	10
24,25,29	10
24,27,30	10
24,29,32	10
25,26,33	10
25,27,28	10
25,27,30	10
25,29,30	10
25,30,31	10
27,28,38	10
27,30,34	10
27,30,38	10
27,34,40	10
28,32,33	10
29,30,31	10
29,31,34	10
30,31,32	10
30,31,35	10
30,32,34	10
30,33,35	10
30,33,36	10
31,32,33	10
31,35,39	10
32,33,34	10
33,35,38	10
34,35,36	10
34,37,39	10
35,39,41	10
36,40,46	10
37,39,43	10
38,39,40	10
38,39,41	10
38,40,42	10
38,43,46	10
39,41,42	10
39,41,43	10
39,42,44	10
40,42,47	10
41,44,45	10
2,5,8	9
2,5,11	9
2,7,8	9
2,9,12	9
3,4,5	9
5,6,8	9
6,7,9	9
7,9,11	9
7,9,13	9
7,9,18	9
7,13,15	9
8,9,12	9
8,10,13	9
8,13,14	9
8,14,17	9
9,13,18	9
9,21,23	9
10,12,13	9
11,17,20	9
12,14,15	9
12,14,19	9
12,14,21	9
12,17,18	9
13,14,15	9
13,15,25	9
13,16,17	9
13,16,20	9
13,16,22	9
13,21,22	9
14,15,22	9
14,16,18	9
14,17,22	9
14,18,25	9
16,17,18	9
16,17,21	9
16,18,23	9
17,20,21	9
17,20,23	9
17,20,24	9
17,21,26	9
17,21,28	9
17,22,25	9
18,19,28	9
18,22,24	9
19,24,26	9
19,24,31	9
20,21,24	9
20,22,26	9
20,26,29	9
21,22,29	9
21,23,27	9
21,24,26	9
21,28,29	9
21,31,32	9
22,24,26	9
23,25,26	9
23,26,30	9
23,27,28	9
23,29,38	9
25,27,29	9
25,29,31	9
26,28,33	9
28,29,31	9
28,29,36	9
28,29,37	9
28,32,34	9
29,32,34	9
29,32,42	9
29,35,38	9
30,31,37	9
31,32,34	9
31,32,35	9
31,34,39	9
31,38,42	9
32,33,35	9
32,34,38	9
32,36,38	9
32,36,39	9
34,35,49	9
34,36,38	9
34,36,39	9
34,36,40	9
34,40,42	9
35,36,38	9
35,42,43	9
36,37,38	9
36,37,40	9
36,38,42	9
36,38,46	9
37,40,41	9
38,39,43	9
38,41,45	9
38,42,44	9
39,40,41	9
41,42,45	9
42,43,44	9
42,43,45	9
43,45,46	9
45,47,48	9
1,3,8	8
1,6,10	8
1,7,9	8
1,10,11	8
1,14,20	8
2,3,5	8
2,3,9	8
2,4,5	8
2,5,6	8
3,4,8	8
4,6,11	8
5,6,13	8
5,6,15	8
5,8,11	8
5,11,12	8
6,7,12	8
6,8,10	8
6,8,16	8
6,9,11	8
6,10,12	8
6,11,15	8
6,11,16	8
6,15,16	8
6,15,27	8
7,8,13	8
7,9,14	8
7,9,21	8
7,11,12	8
7,11,19	8
8,10,14	8
8,10,15	8
9,11,15	8
9,12,16	8
9,13,15	8
9,13,24	8
9,15,17	8
9,17,20	8
9,18,19	8
11,15,17	8
11,21,23	8
12,13,24	8
12,14,16	8
12,15,16	8
12,16,28	8
12,21,22	8
13,14,17	8
13,14,23	8
13,15,18	8
13,17,20	8
13,18,23	8
13,22,24	8
13,24,31	8
14,17,21	8
14,21,25	8
14,22,23	8
14,25,27	8
15,16,19	8
15,17,19	8
15,17,20	8
15,17,31	8
15,20,26	8
15,20,29	8
15,22,23	8
15,25,26	8
15,25,27	8
16,18,22	8
16,20,21	8
16,24,25	8
16,25,27	8
16,27,28	8
17,18,27	8
17,19,20	8
17,20,22	8
18,20,21	8
18,22,23	8
18,23,25	8
19,21,22	8
20,24,31	8
20,29,30	8
20,35,36	8
21,22,23	8
21,23,30	8
21,24,28	8
21,25,33	8
21,28,36	8
22,23,25	8
22,23,26	8
22,23,28	8
22,23,29	8
22,24,25	8
22,24,27	8
22,24,28	8
22,25,30	8
22,25,36	8
22,26,32	8
23,24,26	8
23,24,34	8
23,26,28	8
23,29,30	8
23,37,44	8
24,25,26	8
24,26,27	8
24,26,30	8
24,26,38	8
24,27,28	8
24,28,31	8
24,33,35	8
25,26,30	8
25,27,33	8
25,28,32	8
25,29,37	8
25,31,32	8
25,32,34	8
26,27,29	8
26,27,30	8
26,27,32	8
26,27,33	8
26,27,35	8
26,28,31	8
26,28,38	8
26,30,42	8
26,31,35	8
26,36,39	8
27,28,29	8
27,28,30	8
27,28,31	8
27,30,31	8
27,32,33	8
27,32,35	8
28,30,31	8
28,30,34	8
28,31,36	8
28,31,37	8
28,33,34	8
28,34,41	8
28,38,40	8
28,40,43	8
29,30,34	8
30,31,33	8
30,32,33	8
30,32,39	8
30,36,40	8
30,38,39	8
31,32,41	8
31,33,34	8
31,34,36	8
31,37,41	8
32,33,38	8
32,34,37	8
33,34,38	8
33,36,39	8
33,40,41	8
33,42,44	8
34,35,38	8
34,36,37	8
34,36,41	8
34,37,38	8
34,38,40	8
34,38,46	8
35,36,40	8
35,37,45	8
35,40,41	8
36,37,45	8
36,38,43	8
36,38,44	8
36,39,41	8
37,41,42	8
38,42,45	8
39,40,44	8
39,40,46	8
39,41,45	8
39,44,45	8
39,45,46	8
40,41,44	8
40,43,49	8
40,47,49	8
41,42,43	8
41,42,46	8
41,43,45	8
41,45,49	8
42,43,46	8
42,47,49	8
43,44,45	8
43,44,47	8
43,45,48	8
46,47,48	8
46,47,49	8
1,2,4	7
1,2,5	7
1,2,8	7
1,2,12	7
1,3,4	7
1,4,6	7
1,4,10	7
1,5,7	7
1,6,12	7
1,13,19	7
2,3,8	7
2,4,9	7
2,8,9	7
2,9,10	7
2,12,13	7
2,14,22	7
3,4,9	7
3,4,11	7
3,6,13	7
3,8,14	7
3,11,13	7
4,5,9	7
4,5,15	7
4,6,10	7
4,6,15	7
4,7,11	7
4,10,13	7
4,10,16	7
4,17,19	7
5,6,9	7
5,6,17	7
5,7,10	7
5,8,10	7
5,10,13	7
5,10,16	7
5,10,17	7
5,10,19	7
5,13,14	7
5,13,15	7
5,17,20	7
6,8,14	7
6,9,12	7
6,10,13	7
6,13,21	7
6,16,19	7
7,8,10	7
7,8,12	7
7,9,10	7
7,10,11	7
7,10,18	7
7,12,13	7
7,12,15	7
8,9,13	7
8,9,16	7
8,9,20	7
8,11,13	7
8,12,13	7
8,12,14	7
8,13,15	7
8,16,17	7
8,18,27	7
9,10,14	7
9,11,14	7
9,13,16	7
9,16,21	7
10,11,13	7
10,11,16	7
10,11,23	7
10,12,18	7
10,13,18	7
10,13,23	7
10,14,25	7
10,15,28	7
10,16,21	7
10,17,19	7
11,12,16	7
11,13,14	7
11,13,19	7
11,14,20	7
11,16,18	7
11,16,20	7
11,17,22	7
11,21,22	7
11,23,24	7
12,14,20	7
12,15,20	7
12,17,23	7
13,14,19	7
13,14,22	7
13,14,25	7
13,14,27	7
13,18,20	7
13,18,24	7
13,20,21	7
13,25,26	7
14,15,16	7
14,16,29	7
14,19,25	7
14,20,26	7
14,21,28	7
14,28,31	7
15,16,24	7
15,17,25	7
15,19,23	7
15,19,34	7
15,20,21	7
15,20,22	7
15,20,25	7
16,18,21	7
16,18,24	7
16,19,21	7
16,20,24	7
16,21,22	7
16,21,23	7
16,21,31	7
16,23,24	7
17,18,20	7
17,18,26	7
17,19,21	7
17,19,23	7
17,19,25	7
17,21,25	7
17,21,30	7
17,23,24	7
17,23,26	7
17,24,26	7
17,25,26	7
17,26,30	7
17,30,31	7
18,19,22	7
18,19,23	7
18,20,24	7
18,20,26	7
18,20,28	7
18,21,22	7
18,21,23	7
18,23,27	7
18,26,32	7
18,28,30	7
19,23,24	7
19,25,27	7
19,25,28	7
19,27,28	7
19,29,35	7
20,21,25	7
20,21,29	7
20,22,27	7
20,22,36	7
20,23,25	7
20,23,28	7
20,25,27	7
20,26,28	7
20,27,29	7
20,27,32	7
20,29,33	7
21,25,26	7
21,25,27	7
21,26,32	7
21,28,30	7
22,25,29	7
22,25,34	7
22,29,31	7
22,30,31	7
22,31,34	7
22,32,33	7
23,24,33	7
23,25,29	7
23,27,32	7
23,29,35	7
23,31,34	7
24,27,38	7
24,29,30	7
24,29,35	7
24,31,39	7
24,34,36	7
25,27,43	7
25,28,38	7
25,30,35	7
25,31,38	7
25,32,33	7
25,33,35	7
25,33,37	7
26,29,31	7
26,29,37	7
26,30,31	7
26,30,32	7
26,30,33	7
26,31,32	7
26,32,34	7
26,34,36	7
26,36,40	7
27,28,33	7
27,29,30	7
27,29,33	7
27,30,33	7
27,33,34	7
27,34,36	7
27,34,37	7
27,38,44	7
28,29,30	7
28,30,32	7
28,30,37	7
28,30,38	7
28,31,32	7
28,32,35	7
28,32,36	7
29,31,33	7
29,32,38	7
29,33,34	7
29,37,38	7
29,42,44	7
30,32,37	7
30,33,34	7
30,34,36	7
31,32,36	7
31,33,41	7
31,34,35	7
31,34,37	7
31,34,38	7
31,35,36	7
31,36,41	7
31,37,44	7
31,38,40	7
31,38,43	7
31,39,41	7
32,33,41	7
32,33,43	7
32,34,46	7
32,36,37	7
32,42,43	7
32,42,46	7
33,34,35	7
33,34,42	7
33,35,36	7
33,35,44	7
33,35,47	7
33,36,41	7
33,36,43	7
33,43,44	7
33,43,46	7
33,44,45	7
34,35,41	7
34,36,42	7
34,36,45	7
34,38,45	7
34,39,42	7
34,40,46	7
34,44,47	7
35,36,39	7
35,36,46	7
35,37,38	7
35,39,49	7
35,41,42	7
35,45,47	7
36,37,41	7
36,37,46	7
36,39,40	7
36,42,44	7
37,38,39	7
37,38,40	7
37,38,44	7
37,38,45	7
37,39,42	7
37,40,42	7
37,40,45	7
37,41,43	7
37,41,45	7
37,44,46	7
37,44,47	7
37,44,49	7
37,45,47	7
38,39,42	7
38,39,45	7
38,39,47	7
38,41,42	7
38,43,45	7
38,45,46	7
39,40,42	7
39,40,47	7
39,41,46	7
39,42,46	7
40,41,43	7
40,41,45	7
40,42,43	7
40,42,44	7
40,42,49	7
40,43,46	7
40,44,49	7
40,45,47	7
41,42,48	7
41,43,44	7
41,44,46	7
41,45,47	7
42,43,49	7
42,44,46	7
42,44,49	7
43,46,48	7
43,48,49	7
44,45,46	7
44,47,49	7
1,2,3	6
1,2,13	6
1,2,16	6
1,3,6	6
1,3,10	6
1,3,11	6
1,4,7	6
1,4,11	6
1,5,9	6
1,5,10	6
1,7,11	6
1,7,12	6
1,7,13	6
1,10,13	6
1,11,16	6
2,4,7	6
2,4,8	6
2,5,7	6
2,5,10	6
2,5,12	6
2,10,16	6
2,10,17	6
2,11,13	6
2,12,15	6
2,15,17	6
2,15,19	6
3,5,13	6
3,6,11	6
3,6,14	6
3,6,18	6
3,7,8	6
3,7,10	6
3,8,10	6
3,10,11	6
3,11,14	6
3,13,14	6
3,13,15	6
3,13,16	6
3,15,17	6
4,5,14	6
4,6,8	6
4,6,20	6
4,7,13	6
4,7,16	6
4,7,17	6
4,8,12	6
4,8,13	6
4,9,11	6
4,9,12	6
4,9,15	6
4,10,19	6
4,11,14	6
4,12,16	6
4,13,18	6
4,15,16	6
4,16,17	6
4,17,21	6
4,18,21	6
4,20,22	6
5,6,7	6
5,6,11	6
5,6,14	6
5,8,9	6
5,8,18	6
5,8,20	6
5,8,22	6
5,9,11	6
5,9,13	6
5,10,11	6
5,11,14	6
5,12,13	6
5,14,15	6
5,15,19	6
5,15,20	6
5,26,27	6
6,7,11	6
6,7,13	6
6,8,17	6
6,9,16	6
6,10,11	6
6,11,14	6
6,11,23	6
6,14,16	6
6,15,28	6
6,19,20	6
7,8,11	6
7,8,14	6
7,8,24	6
7,9,16	6
7,10,12	6
7,10,16	6
7,11,21	6
7,12,14	6
7,13,14	6
7,14,16	6
7,15,17	6
7,17,18	6
7,18,20	6
7,18,23	6
7,21,23	6
8,9,11	6
8,9,21	6
8,10,11	6
8,10,12	6
8,10,19	6
8,10,21	6
8,13,20	6
8,14,18	6
8,16,19	6
8,17,21	6
8,21,23	6
9,10,15	6
9,10,17	6
9,11,16	6
9,13,14	6
9,14,16	6
9,14,17	6
9,14,18	6
9,14,24	6
9,15,25	6
9,16,17	6
9,16,20	6
9,16,22	6
9,19,28	6
10,11,15	6
10,11,22	6
10,13,15	6
10,13,20	6
10,13,22	6
10,14,17	6
10,15,18	6
10,15,23	6
10,17,26	6
10,19,20	6
10,19,28	6
11,12,13	6
11,13,17	6
11,13,18	6
11,13,20	6
11,14,16	6
11,14,17	6
11,15,28	6
11,17,18	6
11,17,19	6
11,17,21	6
11,18,20	6
11,18,25	6
12,13,18	6
12,14,18	6
12,15,19	6
12,16,23	6
12,17,22	6
12,17,27	6
12,18,19	6
12,18,20	6
12,18,21	6
12,19,24	6
12,25,29	6
13,14,24	6
13,15,26	6
13,15,29	6
13,17,19	6
13,18,21	6
13,19,20	6
13,19,21	6
13,19,33	6
13,20,22	6
13,20,32	6
13,23,25	6
13,28,31	6
14,15,19	6
14,15,23	6
14,15,24	6
14,16,20	6
14,17,19	6
14,17,26	6
14,18,19	6
14,18,21	6
14,19,20	6
14,19,21	6
14,19,23	6
14,20,21	6
14,22,24	6
14,24,25	6
14,24,26	6
14,26,31	6
15,16,17	6
15,16,21	6
15,16,23	6
15,17,18	6
15,17,27	6
15,18,20	6
15,18,23	6
15,19,21	6
15,21,22	6
15,21,27	6
15,22,28	6
15,24,27	6
15,25,29	6
15,27,28	6
15,28,32	6
15,28,33	6
16,18,20	6
16,18,28	6
16,19,23	6
16,19,24	6
16,20,22	6
16,22,25	6
16,22,30	6
16,24,28	6
17,18,21	6
17,18,24	6
17,20,26	6
17,20,30	6
17,21,31	6
17,22,23	6
17,22,26	6
17,23,25	6
17,23,27	6
17,25,30	6
17,25,32	6
17,26,29	6
17,26,32	6
17,26,34	6
17,28,32	6
18,19,21	6
18,20,23	6
18,20,29	6
18,20,40	6
18,21,31	6
18,22,27	6
18,26,27	6
18,26,28	6
18,27,34	6
18,28,29	6
19,20,25	6
19,20,26	6
19,21,23	6
19,21,24	6
19,21,25	6
19,21,27	6
19,21,28	6
19,23,27	6
19,24,25	6
19,24,29	6
19,25,26	6
19,28,29	6
19,28,31	6
19,28,33	6
19,34,35	6
20,21,22	6
20,21,26	6
20,21,28	6
20,22,23	6
20,22,25	6
20,22,29	6
20,22,30	6
20,23,24	6
20,23,32	6
20,24,29	6
20,24,30	6
20,26,32	6
20,27,28	6
20,27,30	6
20,27,33	6
20,33,35	6
21,23,25	6
21,24,35	6
21,25,31	6
21,25,32	6
21,26,28	6
21,27,29	6
21,28,31	6
21,29,30	6
21,29,32	6
21,30,40	6
21,32,34	6
21,36,37	6
22,23,32	6
22,23,33	6
22,24,31	6
22,25,31	6
22,26,27	6
22,26,29	6
22,27,28	6
22,27,30	6
22,27,35	6
22,29,30	6
22,29,35	6
22,30,38	6
22,30,45	6
22,32,36	6
22,36,37	6
23,24,25	6
23,24,31	6
23,24,32	6
23,24,38	6
23,27,30	6
23,27,40	6
23,28,37	6
23,30,31	6
23,31,32	6
23,32,36	6
24,25,33	6
24,26,32	6
24,26,34	6
24,26,37	6
24,27,29	6
24,27,31	6
24,27,34	6
24,27,36	6
24,27,37	6
24,28,33	6
24,30,33	6
24,32,34	6
24,34,39	6
25,26,31	6
25,26,34	6
25,26,38	6
25,27,34	6
25,28,30	6
25,28,36	6
25,28,37	6
25,29,32	6
25,29,35	6
25,31,33	6
25,34,38	6
25,37,38	6
26,27,34	6
26,27,40	6
26,29,32	6
26,30,41	6
26,32,35	6
26,32,37	6
26,32,42	6
26,33,38	6
26,34,35	6
26,35,39	6
26,37,41	6
26,38,43	6
26,40,42	6
27,28,43	6
27,29,35	6
27,29,43	6
27,30,35	6
27,30,36	6
27,30,41	6
27,31,32	6
27,31,33	6
27,31,34	6
27,31,35	6
27,33,41	6
27,34,42	6
27,35,39	6
27,36,37	6
27,36,42	6
27,37,40	6
28,30,35	6
28,31,35	6
28,32,40	6
28,33,43	6
28,34,35	6
28,35,37	6
28,36,37	6
28,36,39	6
28,37,38	6
28,38,43	6
28,41,43	6
29,30,36	6
29,30,38	6
29,30,39	6
29,31,35	6
29,31,36	6
29,31,41	6
29,32,37	6
29,35,36	6
29,35,45	6
29,36,37	6
29,40,42	6
30,31,42	6
30,31,47	6
30,34,38	6
30,34,40	6
30,34,46	6
30,35,37	6
30,35,43	6
30,36,37	6
30,38,43	6
30,39,40	6
30,40,41	6
30,41,44	6
30,46,49	6
31,32,42	6
31,33,42	6
31,34,45	6
31,36,39	6
31,37,40	6
31,38,39	6
31,38,41	6
31,40,42	6
31,42,47	6
32,33,40	6
32,34,48	6
32,35,38	6
32,36,40	6
32,36,41	6
32,36,45	6
32,37,38	6
32,39,41	6
32,41,47	6
32,42,44	6
33,34,36	6
33,34,39	6
33,34,40	6
33,34,41	6
33,34,48	6
33,35,41	6
33,37,38	6
33,37,40	6
33,38,40	6
33,38,43	6
33,38,44	6
33,38,48	6
33,41,42	6
33,41,43	6
33,42,43	6
33,45,47	6
34,35,37	6
34,35,40	6
34,36,47	6
34,37,41	6
34,37,43	6
34,37,46	6
34,38,43	6
34,38,44	6
34,40,45	6
34,40,47	6
34,42,45	6
34,43,44	6
34,45,46	6
35,36,41	6
35,36,47	6
35,37,47	6
35,42,44	6
35,43,46	6
36,37,43	6
36,37,44	6
36,38,39	6
36,38,41	6
36,38,45	6
36,38,47	6
36,39,47	6
36,41,43	6
36,43,48	6
36,44,47	6
36,45,47	6
36,47,49	6
37,38,42	6
37,39,40	6
37,41,46	6
37,43,44	6
37,46,48	6
37,47,48	6
38,39,46	6
38,39,48	6
38,40,41	6
38,41,44	6
38,41,46	6
38,41,49	6
38,45,49	6
38,46,47	6
39,41,44	6
39,42,48	6
39,43,45	6
39,43,46	6
39,43,48	6
39,44,46	6
39,45,49	6
39,47,49	6
40,41,42	6
40,41,46	6
40,42,45	6
40,44,47	6
40,45,46	6
41,43,47	6
41,43,48	6
41,45,46	6
41,48,49	6
42,45,46	6
42,45,47	6
42,45,49	6
42,46,47	6
44,46,48	6
44,48,49	6
45,46,49	6
1,3,7	5
1,3,20	5
1,4,8	5
1,5,6	5
1,5,8	5
1,5,11	5
1,6,8	5
1,6,11	5
1,8,17	5
1,9,12	5
1,11,17	5
1,12,13	5
1,13,17	5
1,13,22	5
1,14,17	5
1,14,22	5
1,15,17	5
1,17,18	5
2,3,7	5
2,3,16	5
2,3,17	5
2,4,10	5
2,4,11	5
2,5,9	5
2,5,18	5
2,6,8	5
2,6,11	5
2,6,15	5
2,7,9	5
2,7,14	5
2,8,13	5
2,8,18	5
2,9,15	5
2,10,11	5
2,10,13	5
2,10,15	5
2,11,12	5
2,13,16	5
2,13,17	5
3,4,6	5
3,4,10	5
3,4,12	5
3,4,17	5
3,5,8	5
3,5,9	5
3,5,10	5
3,6,9	5
3,6,10	5
3,6,16	5
3,7,13	5
3,7,16	5
3,8,18	5
3,9,11	5
3,9,13	5
3,10,12	5
3,10,16	5
3,12,14	5
4,5,7	5
4,5,11	5
4,5,17	5
4,5,19	5
4,5,21	5
4,5,27	5
4,6,9	5
4,6,17	5
4,6,19	5
4,7,8	5
4,8,9	5
4,8,15	5
4,8,16	5
4,9,13	5
4,9,16	5
4,9,17	5
4,9,21	5
4,10,11	5
4,10,15	5
4,11,13	5
4,11,17	5
4,12,18	5
4,12,23	5
4,14,15	5
4,17,18	5
4,18,19	5
4,19,21	5
4,20,25	5
5,6,16	5
5,6,18	5
5,6,20	5
5,7,11	5
5,7,12	5
5,7,17	5
5,7,18	5
5,7,19	5
5,7,20	5
5,8,12	5
5,8,19	5
5,9,10	5
5,9,12	5
5,9,15	5
5,9,20	5
5,9,22	5
5,9,27	5
5,10,12	5
5,10,14	5
5,11,15	5
5,13,17	5
5,13,18	5
5,14,21	5
5,16,17	5
5,18,19	5
6,7,10	5
6,7,17	5
6,7,22	5
6,8,13	5
6,9,18	5
6,10,19	5
6,10,20	5
6,10,28	5
6,12,13	5
6,12,15	5
6,12,16	5
6,13,15	5
6,13,16	5
6,13,18	5
6,15,20	5
6,16,24	5
6,17,19	5
6,20,24	5
7,8,9	5
7,8,16	5
7,8,20	5
7,8,23	5
7,9,17	5
7,9,23	5
7,10,13	5
7,11,14	5
7,11,15	5
7,12,17	5
7,12,20	5
7,13,16	5
7,14,15	5
7,14,17	5
7,14,20	5
7,14,26	5
7,15,21	5
7,15,26	5
7,17,20	5
7,19,21	5
7,20,23	5
7,21,25	5
7,23,27	5
8,9,18	5
8,10,18	5
8,11,12	5
8,11,19	5
8,11,20	5
8,12,16	5
8,12,19	5
8,14,16	5
8,15,24	5
8,16,23	5
8,17,25	5
8,18,23	5
8,19,20	5
8,19,28	5
8,20,25	5
8,24,31	5
9,10,16	5
9,10,19	5
9,11,12	5
9,11,21	5
9,12,20	5
9,13,22	5
9,13,23	5
9,14,15	5
9,14,22	5
9,15,20	5
9,16,19	5
9,17,18	5
9,17,21	5
9,18,20	5
9,18,22	5
9,18,24	5
9,18,26	5
9,18,28	5
9,21,29	5
10,11,17	5
10,11,18	5
10,12,15	5
10,12,16	5
10,12,17	5
10,13,26	5
10,14,19	5
10,16,18	5
10,19,22	5
10,19,25	5
10,19,31	5
10,20,30	5
10,21,26	5
10,24,26	5
10,27,29	5
11,12,17	5
11,12,21	5
11,12,25	5
11,12,34	5
11,13,27	5
11,14,19	5
11,15,16	5
11,15,18	5
11,15,23	5
11,15,25	5
11,16,17	5
11,16,23	5
11,16,24	5
11,17,25	5
11,18,19	5
11,18,21	5
11,19,21	5
11,19,24	5
11,19,27	5
11,20,26	5
11,24,30	5
11,25,34	5
12,13,17	5
12,13,19	5
12,13,21	5
12,13,23	5
12,14,29	5
12,15,21	5
12,16,17	5
12,16,19	5
12,18,22	5
12,19,20	5
12,19,22	5
12,19,23	5
12,21,23	5
12,21,24	5
13,14,28	5
13,14,38	5
13,15,21	5
13,17,18	5
13,17,23	5
13,18,25	5
13,18,29	5
13,20,26	5
13,21,24	5
13,21,28	5
13,23,24	5
13,23,32	5
13,24,32	5
13,25,28	5
13,26,27	5
14,16,23	5
14,16,27	5
14,17,25	5
14,17,27	5
14,18,22	5
14,19,22	5
14,20,24	5
14,20,25	5
14,21,26	5
14,23,26	5
14,25,28	5
14,26,28	5
15,16,18	5
15,16,20	5
15,17,26	5
15,18,22	5
15,18,25	5
15,18,28	5
15,18,31	5
15,19,27	5
15,20,31	5
15,21,24	5
15,21,25	5
15,22,24	5
15,22,30	5
15,23,27	5
15,24,25	5
15,24,29	5
15,24,33	5
15,26,27	5
15,27,30	5
15,27,34	5
15,28,36	5
15,32,34	5
16,17,19	5
16,17,20	5
16,17,22	5
16,17,23	5
16,17,24	5
16,18,26	5
16,19,25	5
16,19,28	5
16,21,24	5
16,21,28	5
16,21,30	5
16,23,25	5
16,23,26	5
16,23,27	5
16,23,31	5
16,24,29	5
16,25,28	5
16,27,32	5
16,31,32	5
16,37,38	5
17,19,22	5
17,19,24	5
17,20,32	5
17,21,24	5
17,21,27	5
17,21,35	5
17,22,28	5
17,22,36	5
17,23,33	5
17,24,27	5
17,25,27	5
17,25,28	5
17,27,32	5
17,29,32	5
17,29,33	5
17,36,48	5
18,19,24	5
18,19,25	5
18,19,32	5
18,20,22	5
18,20,27	5
18,21,25	5
18,21,26	5
18,21,29	5
18,22,25	5
18,22,26	5
18,22,38	5
18,23,32	5
18,23,33	5
18,24,25	5
18,24,26	5
18,24,29	5
18,24,30	5
18,25,27	5
18,25,28	5
18,28,34	5
18,29,33	5
18,35,36	5
19,20,30	5
19,20,31	5
19,21,29	5
19,21,33	5
19,21,37	5
19,22,24	5
19,22,29	5
19,22,32	5
19,23,32	5
19,23,34	5
19,24,27	5
19,24,28	5
19,25,29	5
19,25,31	5
19,26,28	5
19,27,30	5
19,27,36	5
19,28,32	5
19,29,33	5
19,30,31	5
19,32,33	5
19,32,34	5
19,32,35	5
19,36,38	5
20,21,30	5
20,21,34	5
20,22,33	5
20,23,27	5
20,23,31	5
20,24,27	5
20,24,28	5
20,25,34	5
20,25,41	5
20,26,27	5
20,26,30	5
20,26,37	5
20,29,34	5
20,29,42	5
20,30,31	5
20,31,35	5
20,36,37	5
21,22,38	5
21,23,28	5
21,23,32	5
21,23,37	5
21,23,38	5
21,24,25	5
21,24,37	5
21,25,35	5
21,26,31	5
21,26,40	5
21,27,28	5
21,27,30	5
21,28,32	5
21,28,33	5
21,28,34	5
21,29,34	5
21,29,35	5
21,29,38	5
21,30,31	5
21,30,35	5
21,30,39	5
21,31,37	5
21,33,36	5
21,38,39	5
22,23,31	5
22,23,34	5
22,24,34	5
22,25,27	5
22,25,28	5
22,25,32	5
22,25,33	5
22,28,30	5
22,31,37	5
22,33,34	5
22,35,36	5
22,35,37	5
22,36,39	5
23,26,37	5
23,26,42	5
23,27,34	5
23,28,29	5
23,28,30	5
23,29,31	5
23,30,33	5
23,30,36	5
23,30,37	5
23,33,35	5
23,33,42	5
23,34,35	5
23,34,39	5
23,38,39	5
24,25,31	5
24,25,34	5
24,25,40	5
24,26,31	5
24,26,35	5
24,26,43	5
24,27,35	5
24,27,40	5
24,28,32	5
24,28,34	5
24,28,45	5
24,29,36	5
24,29,44	5
24,30,31	5
24,30,35	5
24,30,36	5
24,31,32	5
24,31,34	5
24,31,35	5
24,33,41	5
24,33,44	5
24,34,35	5
24,34,43	5
24,37,38	5
25,26,28	5
25,26,29	5
25,26,36	5
25,26,37	5
25,26,40	5
25,26,42	5
25,28,33	5
25,28,34	5
25,29,34	5
25,31,34	5
25,33,41	5
25,34,37	5
25,36,37	5
25,37,43	5
25,38,44	5
26,28,30	5
26,28,39	5
26,28,41	5
26,29,34	5
26,29,38	5
26,29,40	5
26,30,35	5
26,31,38	5
26,31,41	5
26,32,44	5
26,34,38	5
26,35,38	5
26,36,37	5
26,36,41	5
26,42,44	5
27,28,32	5
27,28,36	5
27,28,40	5
27,28,45	5
27,29,31	5
27,29,34	5
27,30,39	5
27,31,41	5
27,32,34	5
27,32,36	5
27,32,38	5
27,32,42	5
27,32,44	5
27,33,35	5
27,33,40	5
27,34,35	5
27,34,41	5
27,35,36	5
27,35,38	5
27,35,40	5
27,35,41	5
27,37,48	5
27,40,42	5
28,29,32	5
28,30,40	5
28,31,39	5
28,32,38	5
28,32,39	5
28,33,35	5
28,33,36	5
28,33,39	5
28,34,38	5
28,34,42	5
28,35,36	5
28,35,39	5
28,36,38	5
28,36,42	5
28,37,39	5
28,37,42	5
28,38,41	5
28,39,40	5
28,41,42	5
29,30,35	5
29,30,46	5
29,31,37	5
29,31,38	5
29,32,39	5
29,32,47	5
29,33,36	5
29,33,40	5
29,33,43	5
29,34,36	5
29,34,43	5
29,36,38	5
29,36,45	5
30,33,40	5
30,33,45	5
30,34,35	5
30,34,44	5
30,36,39	5
30,36,41	5
30,36,46	5
30,37,40	5
30,37,42	5
30,38,46	5
30,38,47	5
30,39,47	5
30,42,45	5
30,47,48	5
31,32,40	5
31,32,46	5
31,33,35	5
31,33,45	5
31,34,44	5
31,35,42	5
31,35,43	5
31,36,38	5
31,36,44	5
31,37,43	5
31,39,42	5
31,42,43	5
31,42,44	5
31,42,45	5
31,42,46	5
31,47,48	5
32,34,40	5
32,34,41	5
32,35,39	5
32,37,44	5
32,38,40	5
32,39,42	5
32,40,46	5
32,41,49	5
32,42,48	5
32,44,48	5
32,45,49	5
33,34,37	5
33,35,45	5
33,35,46	5
33,36,40	5
33,36,48	5
33,39,44	5
33,39,46	5
33,40,43	5
33,40,44	5
33,40,45	5
33,40,46	5
33,43,49	5
34,35,39	5
34,35,42	5
34,36,44	5
34,37,47	5
34,38,41	5
34,38,49	5
34,39,41	5
34,41,42	5
34,41,44	5
34,42,44	5
34,43,47	5
34,44,45	5
34,46,48	5
35,36,43	5
35,36,45	5
35,37,43	5
35,38,40	5
35,38,41	5
35,38,45	5
35,38,47	5
35,38,48	5
35,39,40	5
35,39,44	5
35,39,46	5
35,40,43	5
35,41,45	5
35,41,47	5
35,41,48	5
35,43,49	5
35,45,49	5
36,38,40	5
36,38,48	5
36,39,43	5
36,40,41	5
36,40,48	5
36,41,45	5
36,41,46	5
36,42,45	5
36,42,49	5
36,43,49	5
36,44,45	5
37,38,41	5
37,38,47	5
37,39,46	5
37,39,49	5
37,41,47	5
37,43,47	5
37,44,45	5
37,45,48	5
38,39,49	5
38,40,43	5
38,40,47	5
38,43,44	5
38,44,47	5
38,45,47	5
38,46,48	5
38,48,49	5
39,42,43	5
39,44,48	5
39,45,48	5
39,47,48	5
40,43,48	5
40,45,49	5
40,46,47	5
40,46,48	5
41,43,49	5
41,44,49	5
41,46,47	5
41,46,48	5
41,46,49	5
41,47,48	5
42,45,48	5
42,47,48	5
43,44,46	5
43,44,48	5
43,46,47	5
43,46,49	5
44,45,48	5
44,45,49	5
44,46,47	5
44,46,49	5
1,2,6	4
1,2,10	4
1,2,14	4
1,2,15	4
1,2,17	4
1,2,18	4
1,3,13	4
1,3,15	4
1,4,17	4
1,5,12	4
1,5,17	4
1,6,7	4
1,7,10	4
1,7,16	4
1,7,17	4
1,7,19	4
1,8,9	4
1,8,12	4
1,8,18	4
1,9,11	4
1,9,16	4
1,10,12	4
1,10,20	4
1,11,15	4
1,12,17	4
1,13,15	4
1,16,18	4
1,16,19	4
1,16,24	4
1,16,25	4
1,17,19	4
1,19,23	4
1,21,24	4
2,3,4	4
2,3,12	4
2,3,13	4
2,4,14	4
2,4,15	4
2,4,16	4
2,4,22	4
2,5,14	4
2,5,15	4
2,5,19	4
2,6,9	4
2,6,17	4
2,6,19	4
2,6,20	4
2,6,25	4
2,8,10	4
2,8,12	4
2,8,17	4
2,9,17	4
2,9,21	4
2,10,21	4
2,11,15	4
2,12,17	4
2,12,21	4
2,12,31	4
2,13,19	4
2,14,19	4
2,15,20	4
2,16,19	4
2,17,18	4
2,17,26	4
3,4,14	4
3,4,21	4
3,5,12	4
3,5,15	4
3,5,19	4
3,7,12	4
3,7,21	4
3,7,22	4
3,8,9	4
3,8,12	4
3,9,10	4
3,9,12	4
3,9,15	4
3,9,18	4
3,10,13	4
3,11,15	4
3,11,16	4
3,11,17	4
3,11,19	4
3,12,13	4
3,13,19	4
3,14,21	4
3,14,28	4
3,15,16	4
3,15,20	4
3,16,19	4
3,16,20	4
3,20,22	4
3,23,25	4
3,24,28	4
4,5,23	4
4,6,12	4
4,6,14	4
4,7,9	4
4,7,14	4
4,8,10	4
4,8,11	4
4,8,17	4
4,8,19	4
4,8,24	4
4,9,20	4
4,10,18	4
4,10,21	4
4,11,15	4
4,11,18	4
4,11,25	4
4,12,25	4
4,13,15	4
4,14,18	4
4,14,20	4
4,15,21	4
4,15,24	4
4,15,25	4
4,16,18	4
4,17,25	4
4,19,20	4
4,19,24	4
4,20,21	4
4,21,22	4
4,26,28	4
5,6,10	4
5,6,19	4
5,7,8	4
5,7,13	4
5,7,14	4
5,7,21	4
5,8,14	4
5,8,15	4
5,8,17	4
5,9,14	4
5,9,18	4
5,9,24	4
5,10,15	4
5,10,18	4
5,11,17	4
5,11,20	4
5,12,14	4
5,12,15	4
5,13,20	4
5,14,18	4
5,14,22	4
5,15,16	4
5,15,17	4
5,15,21	4
5,15,25	4
5,17,18	4
5,17,21	4
5,17,22	4
5,17,23	4
5,18,21	4
5,21,29	4
6,7,8	4
6,7,14	4
6,7,15	4
6,7,16	4
6,7,18	4
6,7,23	4
6,8,9	4
6,8,19	4
6,8,21	4
6,8,22	4
6,8,24	4
6,9,25	4
6,10,25	4
6,11,12	4
6,11,17	4
6,11,18	4
6,11,19	4
6,11,25	4
6,13,19	4
6,13,22	4
6,14,15	4
6,14,21	4
6,15,18	4
6,15,21	4
6,16,18	4
6,16,21	4
6,16,23	4
6,17,18	4
6,18,19	4
6,18,22	4
6,18,23	4
6,18,27	4
6,19,21	4
6,19,23	4
6,20,26	4
6,22,26	4
6,25,26	4
7,8,15	4
7,8,28	4
7,9,22	4
7,10,14	4
7,10,19	4
7,10,22	4
7,10,23	4
7,10,25	4
7,11,17	4
7,11,18	4
7,11,20	4
7,11,29	4
7,12,18	4
7,12,19	4
7,13,22	4
7,13,25	4
7,14,19	4
7,14,24	4
7,16,21	4
7,16,29	4
7,17,21	4
7,17,26	4
7,17,29	4
7,18,21	4
7,19,20	4
7,22,23	4
7,38,40	4
8,9,10	4
8,9,17	4
8,10,28	4
8,11,14	4
8,11,16	4
8,11,17	4
8,12,15	4
8,12,18	4
8,12,22	4
8,12,23	4
8,13,18	4
8,13,21	4
8,13,22	4
8,13,24	4
8,14,19	4
8,14,26	4
8,15,20	4
8,16,26	4
8,16,31	4
8,17,18	4
8,17,20	4
8,17,22	4
8,18,20	4
8,19,25	4
8,19,26	4
8,19,32	4
8,21,25	4
8,22,26	4
8,22,27	4
8,24,27	4
8,24,28	4
8,25,27	4
9,10,11	4
9,10,18	4
9,10,20	4
9,10,21	4
9,10,24	4
9,11,13	4
9,12,18	4
9,12,30	4
9,13,20	4
9,13,31	4
9,14,27	4
9,15,18	4
9,15,29	4
9,16,30	4
9,18,23	4
9,18,25	4
9,18,33	4
9,19,20	4
9,19,27	4
9,20,22	4
9,20,25	4
9,20,27	4
9,21,22	4
9,21,28	4
9,21,31	4
9,30,31	4
10,11,19	4
10,11,21	4
10,11,26	4
10,11,28	4
10,11,29	4
10,12,14	4
10,12,21	4
10,12,22	4
10,12,24	4
10,13,17	4
10,13,19	4
10,13,21	4
10,13,27	4
10,13,29	4
10,13,36	4
10,14,16	4
10,15,16	4
10,15,17	4
10,15,27	4
10,15,35	4
10,16,24	4
10,16,25	4
10,16,26	4
10,17,23	4
10,17,25	4
10,18,24	4
10,19,24	4
10,20,21	4
10,20,25	4
10,20,26	4
10,22,23	4
10,22,24	4
10,22,27	4
10,23,24	4
10,23,28	4
10,25,27	4
11,12,19	4
11,12,28	4
11,13,16	4
11,13,22	4
11,13,23	4
11,13,24	4
11,13,25	4
11,13,31	4
11,14,23	4
11,14,28	4
11,14,37	4
11,15,20	4
11,15,21	4
11,15,22	4
11,15,24	4
11,15,26	4
11,15,27	4
11,17,23	4
11,17,26	4
11,17,28	4
11,18,30	4
11,19,20	4
11,20,22	4
11,20,29	4
11,21,25	4
11,21,27	4
11,21,28	4
11,21,30	4
11,22,24	4
11,24,26	4
11,26,27	4
11,27,29	4
11,29,34	4
11,32,33	4
12,13,20	4
12,14,22	4
12,14,30	4
12,15,22	4
12,15,25	4
12,16,24	4
12,17,20	4
12,17,24	4
12,17,26	4
12,18,26	4
12,18,27	4
12,20,23	4
12,20,26	4
12,20,27	4
12,20,28	4
12,21,26	4
12,23,24	4
12,23,26	4
12,24,25	4
12,24,27	4
12,24,30	4
12,25,31	4
12,28,29	4
12,29,30	4
12,31,39	4
12,32,34	4
12,32,35	4
13,14,20	4
13,14,21	4
13,14,26	4
13,14,34	4
13,16,21	4
13,17,21	4
13,17,22	4
13,17,26	4
13,17,28	4
13,17,34	4
13,18,19	4
13,18,35	4
13,19,25	4
13,19,26	4
13,20,31	4
13,21,25	4
13,22,23	4
13,22,25	4
13,22,29	4
13,22,32	4
13,23,26	4
13,23,30	4
13,24,25	4
13,26,30	4
13,27,35	4
13,30,32	4
13,31,34	4
14,15,18	4
14,15,20	4
14,15,27	4
14,15,28	4
14,15,31	4
14,16,21	4
14,16,32	4
14,16,33	4
14,17,28	4
14,18,24	4
14,18,31	4
14,19,28	4
14,20,22	4
14,20,27	4
14,21,22	4
14,21,23	4
14,21,27	4
14,22,26	4
14,23,35	4
14,26,30	4
14,27,33	4
14,28,29	4
14,28,32	4
14,29,32	4
14,29,33	4
14,30,34	4
14,30,36	4
14,31,32	4
14,33,34	4
14,35,37	4
15,16,22	4
15,17,21	4
15,17,22	4
15,18,38	4
15,19,20	4
15,19,22	4
15,19,24	4
15,19,25	4
15,19,30	4
15,19,36	4
15,20,35	4
15,21,23	4
15,21,26	4
15,21,28	4
15,21,29	4
15,21,39	4
15,22,32	4
15,22,38	4
15,22,39	4
15,23,24	4
15,24,28	4
15,25,28	4
15,25,32	4
15,25,36	4
15,26,34	4
15,28,39	4
15,29,30	4
15,29,34	4
15,30,32	4
15,31,36	4
15,36,37	4
16,17,29	4
16,18,31	4
16,18,33	4
16,19,22	4
16,19,30	4
16,21,25	4
16,21,27	4
16,21,29	4
16,22,23	4
16,22,24	4
16,22,26	4
16,23,34	4
16,24,27	4
16,24,38	4
16,25,29	4
16,25,38	4
16,26,34	4
16,26,36	4
16,28,30	4
16,29,35	4
16,30,33	4
16,30,35	4
16,38,39	4
17,18,25	4
17,18,28	4
17,18,40	4
17,19,26	4
17,19,28	4
17,19,29	4
17,19,38	4
17,20,25	4
17,20,28	4
17,20,29	4
17,20,35	4
17,20,39	4
17,21,29	4
17,22,24	4
17,22,31	4
17,22,34	4
17,22,37	4
17,22,40	4
17,23,28	4
17,23,29	4
17,26,27	4
17,27,29	4
17,27,30	4
17,28,29	4
17,28,30	4
17,28,31	4
17,29,42	4
17,31,35	4
17,35,36	4
17,36,38	4
17,37,38	4
18,19,27	4
18,19,29	4
18,19,31	4
18,19,39	4
18,20,30	4
18,21,28	4
18,21,30	4
18,21,33	4
18,21,37	4
18,22,28	4
18,22,31	4
18,23,26	4
18,23,28	4
18,23,29	4
18,23,43	4
18,24,27	4
18,24,28	4
18,25,26	4
18,25,29	4
18,25,30	4
18,25,31	4
18,25,33	4
18,26,31	4
18,27,29	4
18,27,30	4
18,27,32	4
18,27,35	4
18,27,36	4
18,27,37	4
18,27,40	4
18,27,41	4
18,29,30	4
18,30,32	4
18,30,34	4
18,33,36	4
18,33,37	4
18,40,42	4
19,20,23	4
19,20,29	4
19,20,36	4
19,22,30	4
19,22,31	4
19,23,25	4
19,23,26	4
19,23,29	4
19,23,33	4
19,24,33	4
19,24,35	4
19,25,32	4
19,25,33	4
19,25,36	4
19,26,27	4
19,26,31	4
19,26,34	4
19,27,34	4
19,27,38	4
19,28,34	4
19,29,31	4
19,31,38	4
19,34,36	4
19,34,43	4
19,35,39	4
19,38,39	4
20,21,31	4
20,22,24	4
20,22,35	4
20,22,38	4
20,24,25	4
20,24,26	4
20,24,32	4
20,24,34	4
20,24,42	4
20,25,26	4
20,25,30	4
20,25,31	4
20,25,38	4
20,25,39	4
20,26,31	4
20,26,33	4
20,26,36	4
20,27,31	4
20,29,37	4
20,30,34	4
20,31,33	4
20,31,38	4
20,32,33	4
20,32,37	4
20,36,42	4
20,39,46	4
21,22,27	4
21,22,30	4
21,22,31	4
21,22,32	4
21,22,34	4
21,23,29	4
21,23,33	4
21,23,39	4
21,24,29	4
21,24,30	4
21,24,32	4
21,25,28	4
21,26,36	4
21,26,39	4
21,27,32	4
21,27,34	4
21,27,36	4
21,29,31	4
21,29,39	4
21,30,32	4
21,34,36	4
21,34,37	4
21,35,37	4
21,39,44	4
22,23,30	4
22,23,35	4
22,23,37	4
22,24,33	4
22,24,38	4
22,24,39	4
22,26,35	4
22,26,36	4
22,26,37	4
22,27,31	4
22,27,37	4
22,28,32	4
22,28,40	4
22,29,36	4
22,30,32	4
22,30,34	4
22,30,35	4
22,32,35	4
22,32,37	4
22,32,41	4
22,32,42	4
22,33,35	4
22,33,39	4
22,33,41	4
22,34,36	4
22,34,37	4
22,35,42	4
22,36,38	4
22,38,40	4
23,24,35	4
23,24,36	4
23,25,27	4
23,25,30	4
23,25,31	4
23,25,37	4
23,25,38	4
23,26,27	4
23,26,31	4
23,27,29	4
23,27,31	4
23,27,36	4
23,27,39	4
23,27,42	4
23,28,44	4
23,29,32	4
23,29,33	4
23,29,34	4
23,31,38	4
23,31,39	4
23,32,34	4
23,32,35	4
23,32,40	4
23,32,41	4
23,33,39	4
23,33,40	4
23,34,38	4
23,34,40	4
23,36,38	4
23,37,39	4
23,37,41	4
23,39,41	4
24,25,28	4
24,25,30	4
24,25,32	4
24,25,41	4
24,26,28	4
24,26,29	4
24,26,36	4
24,26,39	4
24,26,46	4
24,28,30	4
24,28,35	4
24,28,36	4
24,28,37	4
24,28,41	4
24,28,46	4
24,29,31	4
24,30,44	4
24,31,36	4
24,31,37	4
24,31,41	4
24,31,42	4
24,31,49	4
24,32,33	4
24,32,37	4
24,33,34	4
24,33,36	4
24,35,36	4
24,35,37	4
24,35,43	4
24,36,38	4
24,37,44	4
24,38,39	4
24,38,40	4
24,38,41	4
24,39,42	4
24,39,43	4
24,39,44	4
24,40,43	4
24,42,44	4
24,44,46	4
25,26,47	4
25,27,37	4
25,27,39	4
25,27,40	4
25,28,29	4
25,28,31	4
25,28,35	4
25,28,40	4
25,28,47	4
25,29,33	4
25,29,41	4
25,29,47	4
25,29,48	4
25,30,33	4
25,30,37	4
25,30,39	4
25,31,36	4
25,31,37	4
25,33,39	4
25,33,45	4
25,34,36	4
25,34,44	4
25,35,36	4
25,36,39	4
25,38,40	4
25,39,46	4
25,40,42	4
25,41,44	4
26,28,32	4
26,29,45	4
26,30,34	4
26,30,36	4
26,30,38	4
26,30,40	4
26,31,33	4
26,31,40	4
26,32,40	4
26,33,35	4
26,33,48	4
26,34,42	4
26,36,42	4
26,37,39	4
26,37,44	4
26,37,46	4
26,38,40	4
26,38,41	4
26,39,40	4
26,39,42	4
26,40,45	4
26,41,43	4
26,42,46	4
27,28,34	4
27,28,41	4
27,28,42	4
27,29,40	4
27,30,37	4
27,31,36	4
27,33,39	4
27,33,42	4
27,34,48	4
27,36,38	4
27,37,45	4
27,38,39	4
27,38,41	4
27,40,41	4
27,41,42	4
27,42,44	4
27,42,45	4
27,43,45	4
28,29,33	4
28,29,42	4
28,29,46	4
28,29,48	4
28,30,33	4
28,30,36	4
28,30,41	4
28,30,43	4
28,31,33	4
28,31,34	4
28,31,38	4
28,31,44	4
28,32,41	4
28,32,42	4
28,32,49	4
28,33,44	4
28,33,45	4
28,33,49	4
28,34,40	4
28,34,43	4
28,35,38	4
28,35,40	4
28,35,45	4
28,36,40	4
28,36,43	4
28,36,48	4
28,37,41	4
28,38,42	4
28,38,45	4
28,40,42	4
29,30,33	4
29,30,42	4
29,30,44	4
29,31,32	4
29,31,43	4
29,31,49	4
29,32,33	4
29,32,44	4
29,33,38	4
29,33,42	4
29,34,37	4
29,34,44	4
29,35,37	4
29,35,39	4
29,35,40	4
29,35,41	4
29,37,40	4
29,37,42	4
29,37,46	4
29,37,48	4
29,37,49	4
29,38,43	4
29,39,40	4
29,39,45	4
29,39,49	4
30,31,38	4
30,31,40	4
30,31,41	4
30,31,43	4
30,32,35	4
30,32,38	4
30,32,40	4
30,32,43	4
30,32,46	4
30,33,42	4
30,33,44	4
30,35,41	4
30,37,46	4
30,38,40	4
30,38,44	4
30,38,45	4
30,39,44	4
30,40,43	4
30,40,45	4
30,41,42	4
31,32,45	4
31,33,36	4
31,33,43	4
31,34,41	4
31,34,42	4
31,34,46	4
31,35,40	4
31,35,47	4
31,36,37	4
31,36,43	4
31,36,45	4
31,37,42	4
31,39,40	4
31,39,43	4
31,40,43	4
31,44,48	4
31,45,46	4
31,47,49	4
32,33,36	4
32,34,42	4
32,34,44	4
32,34,47	4
32,35,41	4
32,35,43	4
32,35,44	4
32,35,45	4
32,36,44	4
32,37,40	4
32,37,47	4
32,38,39	4
32,38,42	4
32,39,40	4
32,39,44	4
32,39,46	4
32,39,49	4
32,40,49	4
32,41,44	4
32,41,46	4
33,35,37	4
33,35,40	4
33,35,42	4
33,35,48	4
33,36,37	4
33,36,38	4
33,36,42	4
33,36,44	4
33,36,45	4
33,37,47	4
33,39,41	4
33,41,44	4
33,41,45	4
33,43,47	4
33,45,46	4
33,48,49	4
34,35,43	4
34,35,44	4
34,35,45	4
34,35,47	4
34,36,46	4
34,37,45	4
34,38,47	4
34,39,40	4
34,39,43	4
34,39,46	4
34,39,49	4
34,40,44	4
34,40,49	4
34,41,43	4
34,41,45	4
34,43,45	4
35,37,44	4
35,37,49	4
35,38,42	4
35,38,46	4
35,39,42	4
35,39,43	4
35,39,48	4
35,40,42	4
35,40,47	4
35,41,44	4
35,41,49	4
35,43,45	4
35,46,48	4
36,37,49	4
36,39,42	4
36,39,44	4
36,39,49	4
36,40,42	4
36,40,45	4
36,41,42	4
36,41,44	4
36,42,43	4
36,42,46	4
36,42,48	4
36,43,45	4
36,44,46	4
36,44,49	4
36,45,49	4
36,48,49	4
37,38,46	4
37,38,48	4
37,39,41	4
37,39,47	4
37,40,43	4
37,40,44	4
37,40,46	4
37,40,48	4
37,41,48	4
37,42,48	4
37,43,45	4
37,46,47	4
37,47,49	4
38,40,44	4
38,40,45	4
38,41,43	4
38,41,48	4
38,42,46	4
38,42,48	4
38,43,48	4
38,44,48	4
38,45,48	4
39,40,43	4
39,40,45	4
39,43,44	4
39,45,47	4
39,46,47	4
39,46,48	4
39,46,49	4
40,42,46	4
40,43,45	4
40,44,45	4
40,44,46	4
40,45,48	4
40,46,49	4
40,47,48	4
41,42,49	4
41,44,48	4
42,43,47	4
42,43,48	4
43,44,49	4
43,45,49	4
43,47,48	4
45,46,47	4
1,2,7	3
1,2,9	3
1,2,11	3
1,2,24	3
1,3,5	3
1,3,12	3
1,3,17	3
1,4,14	3
1,4,15	3
1,4,16	3
1,5,13	3
1,5,14	3
1,5,18	3
1,5,22	3
1,6,16	3
1,6,17	3
1,6,20	3
1,7,15	3
1,7,24	3
1,8,13	3
1,8,27	3
1,9,17	3
1,10,14	3
1,10,15	3
1,10,16	3
1,10,24	3
1,11,12	3
1,11,14	3
1,12,14	3
1,12,16	3
1,13,14	3
1,13,16	3
1,13,25	3
1,14,15	3
1,14,16	3
1,14,19	3
1,16,17	3
1,17,21	3
1,18,19	3
1,18,27	3
1,19,29	3
1,20,23	3
1,21,30	3
2,3,10	3
2,3,11	3
2,3,14	3
2,3,20	3
2,4,17	3
2,4,23	3
2,4,26	3
2,4,27	3
2,5,17	3
2,5,30	3
2,6,12	3
2,6,14	3
2,6,21	3
2,7,13	3
2,7,16	3
2,7,18	3
2,7,27	3
2,8,11	3
2,8,21	3
2,9,16	3
2,9,23	3
2,11,14	3
2,11,21	3
2,12,16	3
2,12,20	3
2,13,14	3
2,13,15	3
2,13,21	3
2,13,29	3
2,13,30	3
2,14,16	3
2,14,20	3
2,14,24	3
2,14,27	3
2,15,16	3
2,15,18	3
2,16,18	3
2,16,26	3
2,18,20	3
2,20,21	3
2,20,22	3
2,20,29	3
2,21,25	3
2,24,26	3
3,4,15	3
3,4,18	3
3,4,20	3
3,5,11	3
3,5,17	3
3,5,18	3
3,5,21	3
3,5,27	3
3,7,18	3
3,7,20	3
3,7,23	3
3,8,11	3
3,8,15	3
3,8,16	3
3,8,17	3
3,8,20	3
3,8,21	3
3,8,29	3
3,9,14	3
3,9,19	3
3,9,22	3
3,9,27	3
3,10,19	3
3,10,26	3
3,10,27	3
3,11,20	3
3,11,21	3
3,11,24	3
3,12,16	3
3,12,24	3
3,13,18	3
3,13,22	3
3,13,24	3
3,13,25	3
3,14,15	3
3,14,16	3
3,14,17	3
3,14,23	3
3,15,18	3
3,16,17	3
3,16,24	3
3,17,18	3
3,17,19	3
3,17,20	3
3,17,30	3
3,19,21	3
3,20,21	3
3,21,23	3
3,21,24	3
3,21,27	3
3,22,23	3
4,5,20	3
4,5,22	3
4,6,18	3
4,7,12	3
4,7,18	3
4,7,19	3
4,7,20	3
4,7,21	3
4,7,23	3
4,8,14	3
4,8,18	3
4,8,21	3
4,8,23	3
4,9,14	3
4,9,18	3
4,9,22	3
4,10,12	3
4,10,14	3
4,11,12	3
4,11,16	3
4,11,20	3
4,12,13	3
4,12,14	3
4,12,19	3
4,12,20	3
4,12,24	3
4,13,14	3
4,13,16	3
4,14,16	3
4,14,26	3
4,14,28	3
4,15,17	3
4,15,18	3
4,15,23	3
4,16,20	3
4,16,21	3
4,17,22	3
4,18,20	3
4,22,26	3
4,25,26	3
4,25,27	3
4,26,27	3
4,27,29	3
4,27,30	3
5,6,12	3
5,6,21	3
5,6,23	3
5,6,24	3
5,7,15	3
5,8,16	3
5,8,25	3
5,11,16	3
5,11,18	3
5,11,19	3
5,11,21	3
5,12,18	3
5,12,19	3
5,12,21	3
5,12,23	3
5,13,22	3
5,14,16	3
5,14,17	3
5,14,19	3
5,14,26	3
5,14,34	3
5,15,18	3
5,15,32	3
5,15,33	3
5,16,19	3
5,16,22	3
5,17,19	3
5,18,20	3
5,19,20	3
5,19,24	3
5,20,22	3
5,20,29	3
5,21,28	3
5,22,27	3
5,23,31	3
5,26,29	3
5,27,28	3
5,27,30	3
5,32,33	3
6,7,19	3
6,7,20	3
6,7,24	3
6,7,25	3
6,8,11	3
6,8,18	3
6,9,15	3
6,9,19	3
6,9,24	3
6,10,16	3
6,10,17	3
6,10,22	3
6,11,13	3
6,11,20	3
6,11,21	3
6,12,18	3
6,12,20	3
6,12,25	3
6,13,14	3
6,13,17	3
6,13,23	3
6,13,25	3
6,14,17	3
6,14,19	3
6,14,22	3
6,14,23	3
6,14,28	3
6,15,19	3
6,15,23	3
6,16,22	3
6,16,25	3
6,16,27	3
6,17,20	3
6,17,23	3
6,17,24	3
6,17,27	3
6,17,29	3
6,18,20	3
6,18,25	3
6,19,22	3
6,19,24	3
6,20,21	3
6,20,29	3
6,20,33	3
6,21,24	3
6,23,24	3
6,23,25	3
6,25,28	3
6,26,27	3
6,26,30	3
6,27,28	3
6,27,34	3
7,8,21	3
7,8,22	3
7,9,15	3
7,9,20	3
7,9,24	3
7,9,26	3
7,9,27	3
7,10,15	3
7,11,16	3
7,11,25	3
7,12,23	3
7,13,19	3
7,13,20	3
7,14,18	3
7,14,21	3
7,14,25	3
7,14,31	3
7,15,16	3
7,15,20	3
7,15,34	3
7,16,18	3
7,16,22	3
7,16,24	3
7,16,25	3
7,16,27	3
7,16,33	3
7,17,19	3
7,18,34	3
7,19,22	3
7,20,21	3
7,20,22	3
7,20,29	3
7,21,22	3
7,21,24	3
7,21,27	3
7,21,34	3
7,22,28	3
7,23,26	3
7,24,26	3
7,24,28	3
7,25,28	3
7,25,34	3
7,27,30	3
7,27,32	3
7,33,37	3
8,9,23	3
8,10,16	3
8,10,17	3
8,10,23	3
8,10,26	3
8,11,15	3
8,11,21	3
8,11,24	3
8,11,28	3
8,12,21	3
8,12,24	3
8,12,32	3
8,13,16	3
8,13,17	3
8,14,15	3
8,14,21	3
8,14,22	3
8,14,23	3
8,14,24	3
8,15,18	3
8,15,19	3
8,15,21	3
8,15,22	3
8,16,24	3
8,16,37	3
8,17,28	3
8,17,36	3
8,18,21	3
8,18,22	3
8,18,24	3
8,19,27	3
8,20,21	3
8,20,34	3
8,21,24	3
8,21,30	3
8,22,25	3
8,23,24	3
8,23,27	3
8,23,29	3
8,24,29	3
8,26,28	3
8,28,30	3
8,29,30	3
9,10,12	3
9,10,22	3
9,10,23	3
9,10,29	3
9,10,39	3
9,11,18	3
9,11,20	3
9,11,22	3
9,11,23	3
9,11,24	3
9,11,29	3
9,12,21	3
9,12,22	3
9,12,23	3
9,12,24	3
9,12,26	3
9,12,28	3
9,12,29	3
9,13,25	3
9,13,26	3
9,14,19	3
9,15,16	3
9,15,21	3
9,15,24	3
9,15,26	3
9,15,35	3
9,16,18	3
9,16,23	3
9,16,26	3
9,16,27	3
9,17,19	3
9,17,22	3
9,17,23	3
9,17,25	3
9,18,27	3
9,19,21	3
9,19,23	3
9,19,33	3
9,20,21	3
9,20,24	3
9,20,28	3
9,20,29	3
9,20,34	3
9,21,24	3
9,21,32	3
9,22,24	3
9,22,29	3
9,22,31	3
9,23,26	3
9,23,27	3
9,24,27	3
9,25,27	3
9,26,28	3
9,27,30	3
9,27,31	3
9,27,35	3
10,11,36	3
10,12,19	3
10,12,27	3
10,13,16	3
10,13,25	3
10,13,35	3
10,14,15	3
10,14,18	3
10,14,23	3
10,14,24	3
10,14,29	3
10,14,32	3
10,15,26	3
10,15,31	3
10,15,32	3
10,15,33	3
10,16,17	3
10,16,19	3
10,16,22	3
10,16,27	3
10,16,30	3
10,16,33	3
10,17,22	3
10,17,33	3
10,18,20	3
10,18,21	3
10,18,25	3
10,18,28	3
10,18,29	3
10,18,31	3
10,19,21	3
10,19,23	3
10,19,26	3
10,19,43	3
10,20,24	3
10,21,22	3
10,21,29	3
10,21,33	3
10,22,37	3
10,23,27	3
10,24,29	3
10,25,26	3
10,25,28	3
10,25,29	3
10,28,29	3
10,30,33	3
10,36,38	3
11,12,24	3
11,13,15	3
11,13,21	3
11,14,18	3
11,14,24	3
11,14,26	3
11,14,27	3
11,14,30	3
11,14,34	3
11,15,19	3
11,16,25	3
11,16,31	3
11,16,33	3
11,16,34	3
11,17,24	3
11,17,29	3
11,17,32	3
11,18,22	3
11,18,23	3
11,18,28	3
11,18,33	3
11,19,23	3
11,19,26	3
11,19,30	3
11,19,39	3
11,20,24	3
11,20,25	3
11,20,35	3
11,22,25	3
11,22,27	3
11,22,35	3
11,22,41	3
11,23,28	3
11,23,31	3
11,24,25	3
11,24,27	3
11,24,33	3
11,25,27	3
11,25,29	3
11,25,31	3
11,25,32	3
11,28,29	3
11,29,31	3
11,30,36	3
11,33,40	3
11,37,44	3
11,39,41	3
12,13,15	3
12,13,25	3
12,13,26	3
12,14,17	3
12,14,23	3
12,14,35	3
12,15,18	3
12,15,27	3
12,15,34	3
12,15,38	3
12,16,18	3
12,16,20	3
12,16,22	3
12,16,27	3
12,16,29	3
12,17,19	3
12,17,25	3
12,18,25	3
12,18,31	3
12,18,34	3
12,18,36	3
12,19,21	3
12,19,25	3
12,19,26	3
12,19,27	3
12,19,31	3
12,19,36	3
12,20,21	3
12,21,25	3
12,21,29	3
12,21,30	3
12,22,23	3
12,22,25	3
12,22,27	3
12,22,30	3
12,23,25	3
12,23,27	3
12,23,29	3
12,23,36	3
12,24,26	3
12,24,28	3
12,25,28	3
12,26,29	3
12,27,28	3
12,28,35	3
12,29,32	3
12,29,34	3
12,30,33	3
12,34,36	3
12,36,38	3
13,14,16	3
13,14,18	3
13,14,33	3
13,15,19	3
13,15,23	3
13,15,27	3
13,15,28	3
13,15,31	3
13,16,19	3
13,16,24	3
13,16,25	3
13,16,26	3
13,16,27	3
13,16,28	3
13,16,30	3
13,16,31	3
13,17,24	3
13,17,25	3
13,17,29	3
13,17,31	3
13,17,32	3
13,17,36	3
13,18,28	3
13,18,34	3
13,19,22	3
13,19,29	3
13,19,30	3
13,19,31	3
13,20,23	3
13,20,24	3
13,20,25	3
13,20,28	3
13,20,29	3
13,21,23	3
13,21,26	3
13,21,30	3
13,22,26	3
13,22,27	3
13,22,37	3
13,23,27	3
13,23,28	3
13,23,29	3
13,23,33	3
13,24,28	3
13,25,27	3
13,25,29	3
13,25,30	3
13,26,29	3
13,27,30	3
13,29,31	3
13,31,32	3
14,15,17	3
14,15,21	3
14,15,25	3
14,15,42	3
14,16,17	3
14,16,24	3
14,16,26	3
14,16,30	3
14,16,31	3
14,17,20	3
14,17,24	3
14,17,31	3
14,17,36	3
14,17,37	3
14,18,23	3
14,18,30	3
14,18,39	3
14,19,27	3
14,19,29	3
14,19,30	3
14,19,35	3
14,20,29	3
14,20,31	3
14,20,32	3
14,20,34	3
14,20,35	3
14,21,30	3
14,22,33	3
14,22,45	3
14,23,25	3
14,23,29	3
14,23,30	3
14,23,32	3
14,24,29	3
14,24,31	3
14,25,29	3
14,25,31	3
14,25,44	3
14,26,27	3
14,26,32	3
14,26,37	3
14,26,38	3
14,27,28	3
14,27,29	3
14,27,31	3
14,27,36	3
14,27,42	3
14,27,45	3
14,28,34	3
14,31,33	3
14,31,34	3
14,34,36	3
15,16,28	3
15,16,29	3
15,16,30	3
15,16,31	3
15,16,38	3
15,17,23	3
15,17,29	3
15,17,30	3
15,17,32	3
15,17,33	3
15,17,44	3
15,18,24	3
15,18,35	3
15,19,29	3
15,20,23	3
15,20,24	3
15,20,27	3
15,20,32	3
15,20,33	3
15,21,31	3
15,21,36	3
15,22,35	3
15,22,43	3
15,23,25	3
15,23,28	3
15,23,29	3
15,23,38	3
15,24,26	3
15,24,30	3
15,24,34	3
15,25,30	3
15,25,31	3
15,25,37	3
15,26,29	3
15,26,31	3
15,27,35	3
15,28,37	3
15,29,33	3
15,30,31	3
15,31,32	3
15,31,33	3
15,32,38	3
15,33,35	3
15,37,39	3
16,17,26	3
16,17,30	3
16,17,36	3
16,17,37	3
16,17,38	3
16,17,42	3
16,18,27	3
16,18,29	3
16,19,20	3
16,19,26	3
16,19,29	3
16,19,31	3
16,19,32	3
16,19,35	3
16,20,23	3
16,20,29	3
16,20,32	3
16,20,36	3
16,21,32	3
16,21,35	3
16,22,27	3
16,22,29	3
16,22,37	3
16,22,39	3
16,22,42	3
16,23,29	3
16,23,30	3
16,24,26	3
16,24,34	3
16,24,36	3
16,25,34	3
16,26,30	3
16,26,31	3
16,26,33	3
16,27,30	3
16,27,35	3
16,28,37	3
16,28,38	3
16,28,39	3
16,29,31	3
16,29,32	3
16,29,33	3
16,29,34	3
16,29,36	3
16,30,34	3
16,31,33	3
16,32,37	3
16,33,34	3
16,33,38	3
16,33,40	3
16,40,47	3
16,42,43	3
17,18,29	3
17,18,31	3
17,18,35	3
17,18,38	3
17,18,44	3
17,19,33	3
17,19,34	3
17,19,35	3
17,19,37	3
17,20,27	3
17,21,23	3
17,21,32	3
17,21,34	3
17,22,29	3
17,22,32	3
17,23,34	3
17,23,40	3
17,24,25	3
17,24,30	3
17,24,31	3
17,24,34	3
17,24,35	3
17,24,36	3
17,24,40	3
17,24,46	3
17,25,29	3
17,25,33	3
17,26,28	3
17,26,31	3
17,26,35	3
17,26,38	3
17,26,40	3
17,27,28	3
17,27,33	3
17,27,38	3
17,28,34	3
17,28,40	3
17,29,30	3
17,29,31	3
17,29,34	3
17,29,37	3
17,29,38	3
17,30,34	3
17,31,33	3
17,31,34	3
17,31,36	3
17,31,37	3
17,31,41	3
17,31,42	3
17,32,35	3
17,33,36	3
17,33,38	3
17,34,36	3
17,34,40	3
17,34,43	3
17,37,42	3
17,38,41	3
17,39,42	3
18,19,26	3
18,19,30	3
18,19,33	3
18,19,36	3
18,20,25	3
18,20,31	3
18,20,33	3
18,21,35	3
18,21,36	3
18,21,38	3
18,22,30	3
18,22,32	3
18,22,33	3
18,22,35	3
18,22,44	3
18,23,24	3
18,23,30	3
18,23,31	3
18,23,37	3
18,23,38	3
18,23,42	3
18,24,33	3
18,24,37	3
18,25,34	3
18,25,42	3
18,25,43	3
18,26,29	3
18,26,30	3
18,26,45	3
18,27,31	3
18,27,46	3
18,28,31	3
18,28,32	3
18,28,35	3
18,28,37	3
18,29,31	3
18,29,32	3
18,29,34	3
18,29,38	3
18,30,33	3
18,30,36	3
18,31,32	3
18,31,34	3
18,31,35	3
18,31,38	3
18,32,40	3
18,33,43	3
18,34,38	3
18,34,41	3
18,35,42	3
18,36,39	3
18,39,40	3
19,20,33	3
19,20,34	3
19,21,26	3
19,21,32	3
19,21,36	3
19,22,27	3
19,22,28	3
19,23,30	3
19,23,31	3
19,23,38	3
19,23,40	3
19,24,34	3
19,24,39	3
19,24,44	3
19,25,30	3
19,25,38	3
19,25,39	3
19,26,29	3
19,26,35	3
19,27,31	3
19,27,48	3
19,28,30	3
19,28,35	3
19,28,36	3
19,28,37	3
19,28,39	3
19,29,38	3
19,30,32	3
19,30,35	3
19,30,37	3
19,30,38	3
19,31,32	3
19,31,33	3
19,31,36	3
19,31,47	3
19,33,36	3
19,33,38	3
19,34,40	3
19,35,37	3
19,35,38	3
19,35,43	3
19,37,39	3
19,38,48	3
19,42,45	3
20,21,27	3
20,21,32	3
20,21,36	3
20,21,38	3
20,21,39	3
20,21,40	3
20,22,31	3
20,22,32	3
20,22,34	3
20,22,40	3
20,23,26	3
20,23,40	3
20,24,33	3
20,24,39	3
20,24,41	3
20,24,43	3
20,24,48	3
20,25,29	3
20,25,36	3
20,25,43	3
20,26,35	3
20,26,39	3
20,26,40	3
20,27,34	3
20,27,35	3
20,28,29	3
20,28,32	3
20,28,33	3
20,28,34	3
20,28,44	3
20,28,48	3
20,29,31	3
20,29,35	3
20,29,49	3
20,30,33	3
20,30,36	3
20,30,41	3
20,31,34	3
20,32,34	3
20,32,35	3
20,33,34	3
20,33,36	3
20,34,35	3
20,34,37	3
20,34,40	3
20,34,43	3
20,35,43	3
20,38,39	3
20,39,41	3
21,22,37	3
21,22,41	3
21,23,31	3
21,23,35	3
21,23,46	3
21,24,31	3
21,24,34	3
21,24,38	3
21,24,39	3
21,24,47	3
21,25,30	3
21,25,36	3
21,25,37	3
21,26,27	3
21,26,29	3
21,26,33	3
21,27,31	3
21,27,33	3
21,28,35	3
21,28,41	3
21,28,43	3
21,29,33	3
21,29,36	3
21,29,37	3
21,29,43	3
21,29,45	3
21,30,33	3
21,30,34	3
21,30,38	3
21,30,41	3
21,30,42	3
21,31,34	3
21,31,39	3
21,31,40	3
21,32,36	3
21,32,37	3
21,32,38	3
21,32,40	3
21,33,34	3
21,33,35	3
21,34,39	3
21,35,36	3
21,35,38	3
21,36,39	3
21,36,41	3
21,37,38	3
21,37,41	3
21,38,40	3
21,39,41	3
21,40,42	3
22,23,36	3
22,23,38	3
22,23,40	3
22,24,29	3
22,24,30	3
22,24,37	3
22,24,41	3
22,24,45	3
22,25,38	3
22,25,42	3
22,25,44	3
22,26,30	3
22,26,31	3
22,26,33	3
22,26,38	3
22,26,40	3
22,26,43	3
22,27,33	3
22,27,36	3
22,27,40	3
22,28,33	3
22,28,34	3
22,28,41	3
22,29,32	3
22,29,38	3
22,29,39	3
22,30,33	3
22,30,36	3
22,30,37	3
22,30,39	3
22,31,32	3
22,31,36	3
22,31,38	3
22,31,48	3
22,35,39	3
22,35,41	3
22,36,42	3
22,36,44	3
22,37,40	3
22,37,45	3
22,38,41	3
22,38,42	3
22,38,43	3
22,38,49	3
22,41,42	3
22,42,44	3
22,42,49	3
22,43,44	3
23,24,41	3
23,25,35	3
23,25,40	3
23,26,32	3
23,26,34	3
23,26,43	3
23,26,46	3
23,27,33	3
23,27,38	3
23,27,47	3
23,28,32	3
23,28,33	3
23,28,38	3
23,28,40	3
23,28,42	3
23,28,48	3
23,30,32	3
23,30,34	3
23,30,35	3
23,30,39	3
23,31,35	3
23,31,36	3
23,31,46	3
23,32,33	3
23,32,38	3
23,33,38	3
23,33,41	3
23,33,47	3
23,33,49	3
23,34,36	3
23,34,41	3
23,34,48	3
23,35,39	3
23,35,40	3
23,35,42	3
23,36,44	3
23,38,42	3
23,39,43	3
23,40,44	3
23,41,46	3
23,42,45	3
23,44,45	3
23,46,48	3
24,25,27	3
24,25,37	3
24,25,43	3
24,25,49	3
24,26,33	3
24,27,33	3
24,27,39	3
24,27,41	3
24,28,38	3
24,28,43	3
24,28,44	3
24,28,49	3
24,29,34	3
24,29,37	3
24,29,39	3
24,30,32	3
24,30,37	3
24,30,38	3
24,30,40	3
24,30,41	3
24,31,33	3
24,31,38	3
24,31,43	3
24,31,46	3
24,32,40	3
24,32,48	3
24,33,42	3
24,33,43	3
24,34,37	3
24,34,40	3
24,34,44	3
24,35,41	3
24,36,39	3
24,36,46	3
24,38,42	3
24,38,44	3
24,38,47	3
24,40,41	3
24,40,42	3
24,41,43	3
24,41,44	3
24,41,46	3
24,41,49	3
24,42,45	3
24,48,49	3
25,26,49	3
25,27,32	3
25,27,35	3
25,27,38	3
25,27,45	3
25,27,47	3
25,28,41	3
25,28,42	3
25,28,45	3
25,29,36	3
25,29,40	3
25,29,42	3
25,29,43	3
25,30,32	3
25,30,36	3
25,31,39	3
25,31,41	3
25,31,45	3
25,32,36	3
25,32,37	3
25,32,39	3
25,32,41	3
25,32,43	3
25,32,47	3
25,33,34	3
25,33,38	3
25,33,44	3
25,34,35	3
25,34,39	3
25,34,40	3
25,34,41	3
25,34,42	3
25,34,47	3
25,35,39	3
25,37,39	3
25,40,49	3
25,41,43	3
25,41,48	3
25,42,44	3
25,43,48	3
25,44,45	3
26,27,31	3
26,27,46	3
26,28,34	3
26,28,35	3
26,28,36	3
26,28,37	3
26,28,42	3
26,28,44	3
26,28,46	3
26,29,35	3
26,29,36	3
26,29,39	3
26,29,43	3
26,30,44	3
26,30,45	3
26,30,47	3
26,31,34	3
26,31,42	3
26,31,45	3
26,31,47	3
26,32,33	3
26,32,38	3
26,32,41	3
26,33,36	3
26,33,40	3
26,34,39	3
26,34,45	3
26,34,47	3
26,35,36	3
26,35,42	3
26,37,43	3
26,38,42	3
26,39,46	3
26,40,46	3
26,40,49	3
26,42,47	3
26,42,49	3
26,43,44	3
26,43,48	3
26,45,48	3
26,46,47	3
26,47,48	3
27,28,37	3
27,28,48	3
27,29,38	3
27,29,39	3
27,29,45	3
27,30,43	3
27,31,37	3
27,31,39	3
27,31,42	3
27,31,47	3
27,31,48	3
27,33,36	3
27,33,43	3
27,33,46	3
27,34,39	3
27,34,45	3
27,35,37	3
27,35,42	3
27,36,39	3
27,36,40	3
27,36,43	3
27,36,45	3
27,36,48	3
27,37,38	3
27,37,41	3
27,37,42	3
27,38,45	3
27,39,40	3
27,39,46	3
27,40,44	3
27,40,45	3
27,40,46	3
27,40,48	3
27,44,47	3
27,45,47	3
27,45,49	3
27,47,49	3
27,48,49	3
28,29,34	3
28,29,39	3
28,31,42	3
28,31,47	3
28,33,37	3
28,33,38	3
28,33,47	3
28,33,48	3
28,34,36	3
28,34,37	3
28,34,44	3
28,34,45	3
28,35,41	3
28,39,46	3
28,40,45	3
28,40,46	3
28,40,49	3
28,42,45	3
28,43,44	3
28,43,45	3
28,43,48	3
28,44,47	3
28,45,49	3
28,46,48	3
29,30,37	3
29,30,49	3
29,31,42	3
29,32,36	3
29,32,40	3
29,32,46	3
29,33,35	3
29,33,37	3
29,33,39	3
29,33,41	3
29,33,47	3
29,33,48	3
29,34,38	3
29,34,40	3
29,34,41	3
29,34,42	3
29,34,46	3
29,34,49	3
29,35,43	3
29,35,44	3
29,35,48	3
29,36,39	3
29,36,40	3
29,36,42	3
29,36,48	3
29,37,39	3
29,37,41	3
29,37,44	3
29,37,45	3
29,38,39	3
29,38,40	3
29,38,42	3
29,38,44	3
29,38,47	3
29,38,48	3
29,39,41	3
29,39,43	3
29,39,46	3
29,40,43	3
29,40,47	3
29,41,46	3
29,42,45	3
29,42,46	3
29,42,47	3
29,42,49	3
29,43,44	3
29,43,45	3
29,44,45	3
29,45,46	3
29,45,49	3
29,46,48	3
29,48,49	3
30,31,36	3
30,31,39	3
30,31,45	3
30,31,48	3
30,32,42	3
30,32,44	3
30,33,39	3
30,33,41	3
30,33,43	3
30,33,46	3
30,33,47	3
30,34,37	3
30,34,39	3
30,35,42	3
30,35,46	3
30,36,38	3
30,36,42	3
30,36,44	3
30,36,45	3
30,36,48	3
30,37,39	3
30,37,43	3
30,37,45	3
30,37,47	3
30,39,41	3
30,40,44	3
30,40,46	3
30,40,47	3
30,40,48	3
30,41,43	3
30,41,45	3
30,42,44	3
30,42,47	3
30,44,45	3
30,44,46	3
31,32,43	3
31,32,49	3
31,33,37	3
31,33,38	3
31,33,39	3
31,33,48	3
31,34,43	3
31,34,49	3
31,35,37	3
31,35,41	3
31,35,45	3
31,35,46	3
31,35,49	3
31,36,48	3
31,36,49	3
31,37,38	3
31,37,39	3
31,37,47	3
31,37,48	3
31,38,45	3
31,39,45	3
31,39,48	3
31,40,41	3
31,40,45	3
31,41,43	3
31,41,46	3
31,41,47	3
31,43,46	3
31,44,45	3
31,44,49	3
31,46,48	3
32,33,42	3
32,33,44	3
32,33,45	3
32,33,47	3
32,34,39	3
32,34,43	3
32,35,42	3
32,35,46	3
32,35,47	3
32,36,46	3
32,36,47	3
32,37,39	3
32,37,42	3
32,37,45	3
32,37,46	3
32,37,48	3
32,38,41	3
32,38,45	3
32,39,43	3
32,40,44	3
32,40,45	3
32,41,43	3
32,41,45	3
32,42,49	3
32,44,45	3
32,46,47	3
32,48,49	3
33,34,44	3
33,34,45	3
33,34,46	3
33,34,47	3
33,34,49	3
33,35,39	3
33,35,43	3
33,36,46	3
33,36,47	3
33,36,49	3
33,37,46	3
33,38,41	3
33,38,42	3
33,38,45	3
33,38,47	3
33,39,40	3
33,39,42	3
33,39,43	3
33,39,45	3
33,39,49	3
33,40,49	3
33,41,47	3
33,41,49	3
33,42,46	3
33,42,47	3
33,44,46	3
33,44,47	3
33,45,48	3
33,45,49	3
34,35,46	3
34,36,43	3
34,37,40	3
34,37,44	3
34,37,49	3
34,40,43	3
34,41,46	3
34,41,47	3
34,42,43	3
34,43,46	3
34,43,49	3
34,44,48	3
34,44,49	3
34,45,48	3
34,46,47	3
34,47,48	3
34,47,49	3
34,48,49	3
35,36,42	3
35,36,44	3
35,37,39	3
35,37,40	3
35,37,41	3
35,38,43	3
35,38,44	3
35,39,45	3
35,39,47	3
35,40,44	3
35,41,43	3
35,41,46	3
35,42,45	3
35,42,47	3
35,43,44	3
35,43,47	3
35,44,45	3
35,44,47	3
35,46,47	3
36,37,47	3
36,39,46	3
36,40,43	3
36,40,44	3
36,40,47	3
36,40,49	3
36,41,47	3
36,43,47	3
36,45,46	3
36,45,48	3
36,46,47	3
37,39,45	3
37,42,43	3
37,42,44	3
37,42,45	3
37,42,49	3
37,43,48	3
37,44,48	3
37,48,49	3
38,39,44	3
38,42,43	3
38,43,47	3
38,43,49	3
38,44,49	3
38,47,48	3
38,47,49	3
39,40,48	3
39,40,49	3
39,41,47	3
39,41,49	3
39,43,47	3
39,43,49	3
40,41,47	3
40,41,48	3
40,43,47	3
40,48,49	3
41,44,47	3
41,45,48	3
42,44,47	3
42,44,48	3
42,46,49	3
43,45,47	3
43,47,49	3
44,47,48	3
47,48,49	3
1,2,19	2
1,2,20	2
1,2,26	2
1,2,27	2
1,3,9	2
1,3,14	2
1,3,16	2
1,3,19	2
1,3,21	2
1,3,24	2
1,3,26	2
1,4,9	2
1,4,12	2
1,4,19	2
1,4,20	2
1,4,25	2
1,4,27	2
1,5,15	2
1,5,20	2
1,6,13	2
1,6,21	2
1,6,23	2
1,6,26	2
1,7,8	2
1,7,14	2
1,7,21	2
1,7,23	2
1,8,10	2
1,8,11	2
1,8,15	2
1,8,16	2
1,8,19	2
1,8,21	2
1,8,22	2
1,9,13	2
1,9,14	2
1,9,15	2
1,9,18	2
1,9,20	2
1,9,21	2
1,9,27	2
1,10,17	2
1,10,19	2
1,10,21	2
1,10,25	2
1,11,18	2
1,11,19	2
1,11,20	2
1,12,18	2
1,12,19	2
1,12,20	2
1,12,21	2
1,12,27	2
1,13,20	2
1,13,21	2
1,13,31	2
1,14,23	2
1,14,24	2
1,14,28	2
1,15,16	2
1,15,22	2
1,15,24	2
1,15,26	2
1,16,20	2
1,16,21	2
1,16,27	2
1,16,28	2
1,17,20	2
1,17,26	2
1,17,28	2
1,17,36	2
1,18,20	2
1,18,22	2
1,18,29	2
1,19,20	2
1,19,24	2
1,20,21	2
1,20,22	2
1,20,24	2
1,20,26	2
1,21,23	2
1,22,23	2
1,22,37	2
1,23,28	2
1,24,30	2
1,25,26	2
1,25,32	2
2,3,18	2
2,3,19	2
2,3,21	2
2,3,22	2
2,3,26	2
2,3,27	2
2,3,28	2
2,3,32	2
2,4,13	2
2,4,18	2
2,4,19	2
2,4,21	2
2,5,13	2
2,5,16	2
2,5,20	2
2,5,21	2
2,5,26	2
2,6,13	2
2,6,18	2
2,6,23	2
2,7,10	2
2,7,11	2
2,7,15	2
2,7,17	2
2,7,19	2
2,7,20	2
2,7,23	2
2,7,28	2
2,8,15	2
2,9,13	2
2,9,14	2
2,9,18	2
2,9,19	2
2,10,12	2
2,10,14	2
2,10,19	2
2,10,22	2
2,10,23	2
2,10,25	2
2,11,18	2
2,11,22	2
2,11,28	2
2,11,29	2
2,12,14	2
2,12,18	2
2,12,29	2
2,13,22	2
2,13,26	2
2,14,17	2
2,14,21	2
2,14,25	2
2,14,26	2
2,14,29	2
2,15,21	2
2,15,22	2
2,16,17	2
2,16,22	2
2,16,25	2
2,17,21	2
2,17,23	2
2,17,25	2
2,17,29	2
2,17,32	2
2,18,19	2
2,18,24	2
2,18,28	2
2,18,33	2
2,19,23	2
2,19,24	2
2,19,29	2
2,20,23	2
2,20,24	2
2,22,25	2
2,22,33	2
2,23,30	2
2,24,25	2
2,24,31	2
2,26,36	2
2,27,34	2
3,4,13	2
3,4,19	2
3,4,23	2
3,4,24	2
3,4,26	2
3,4,28	2
3,6,12	2
3,6,22	2
3,6,23	2
3,6,26	2
3,7,24	2
3,7,38	2
3,8,28	2
3,9,16	2
3,9,26	2
3,10,14	2
3,10,15	2
3,10,20	2
3,10,23	2
3,10,28	2
3,10,34	2
3,11,25	2
3,11,37	2
3,12,17	2
3,12,19	2
3,12,21	2
3,12,29	2
3,13,23	2
3,13,27	2
3,13,28	2
3,14,20	2
3,14,22	2
3,14,25	2
3,14,27	2
3,14,37	2
3,15,21	2
3,15,25	2
3,16,18	2
3,16,21	2
3,16,27	2
3,17,21	2
3,17,22	2
3,17,23	2
3,17,24	2
3,17,29	2
3,18,19	2
3,18,21	2
3,18,22	2
3,18,27	2
3,19,20	2
3,19,22	2
3,19,23	2
3,19,24	2
3,19,27	2
3,20,23	2
3,20,24	2
3,21,25	2
3,21,41	2
3,22,24	2
3,22,29	2
3,22,31	2
3,23,24	2
3,23,26	2
3,23,29	2
3,24,25	2
3,26,32	2
3,26,37	2
3,28,32	2
3,29,30	2
3,32,33	2
4,5,12	2
4,5,13	2
4,5,16	2
4,5,18	2
4,5,25	2
4,5,26	2
4,5,34	2
4,6,13	2
4,6,16	2
4,6,21	2
4,6,22	2
4,6,31	2
4,7,10	2
4,7,24	2
4,7,25	2
4,7,26	2
4,7,28	2
4,8,26	2
4,9,24	2
4,9,25	2
4,9,28	2
4,9,31	2
4,10,17	2
4,10,24	2
4,10,27	2
4,10,28	2
4,11,19	2
4,11,30	2
4,11,33	2
4,12,15	2
4,12,26	2
4,12,29	2
4,12,30	2
4,13,20	2
4,13,21	2
4,13,24	2
4,14,17	2
4,14,19	2
4,15,19	2
4,15,22	2
4,15,28	2
4,16,19	2
4,16,25	2
4,16,34	2
4,16,37	2
4,17,20	2
4,17,23	2
4,17,24	2
4,17,27	2
4,17,34	2
4,18,23	2
4,18,24	2
4,18,26	2
4,18,27	2
4,20,24	2
4,20,26	2
4,20,31	2
4,21,25	2
4,21,32	2
4,22,28	2
4,22,33	2
4,22,36	2
4,23,25	2
4,23,33	2
4,23,34	2
4,24,27	2
4,24,32	2
4,24,34	2
4,27,28	2
4,27,36	2
4,33,35	2
4,34,35	2
5,6,26	2
5,6,27	2
5,7,22	2
5,7,25	2
5,7,28	2
5,7,34	2
5,8,23	2
5,8,24	2
5,8,31	2
5,8,35	2
5,9,17	2
5,9,19	2
5,9,23	2
5,9,29	2
5,9,30	2
5,10,23	2
5,10,24	2
5,10,32	2
5,10,35	2
5,11,13	2
5,11,22	2
5,11,26	2
5,11,33	2
5,12,17	2
5,12,20	2
5,12,24	2
5,12,26	2
5,12,28	2
5,12,32	2
5,13,16	2
5,13,21	2
5,13,23	2
5,13,24	2
5,13,30	2
5,14,20	2
5,14,25	2
5,15,23	2
5,15,26	2
5,15,28	2
5,15,30	2
5,15,37	2
5,16,23	2
5,16,26	2
5,17,27	2
5,17,31	2
5,18,24	2
5,18,25	2
5,18,26	2
5,18,27	2
5,18,28	2
5,19,28	2
5,19,32	2
5,20,28	2
5,21,23	2
5,21,24	2
5,21,27	2
5,21,30	2
5,21,31	2
5,22,23	2
5,22,24	2
5,22,29	2
5,23,30	2
5,24,29	2
5,25,26	2
5,25,32	2
5,27,31	2
5,30,31	2
5,30,32	2
5,30,33	2
6,7,21	2
6,7,29	2
6,7,31	2
6,7,32	2
6,8,15	2
6,8,20	2
6,9,14	2
6,9,17	2
6,9,20	2
6,9,22	2
6,9,27	2
6,9,28	2
6,10,14	2
6,10,18	2
6,10,26	2
6,10,31	2
6,10,36	2
6,10,43	2
6,11,27	2
6,11,32	2
6,12,14	2
6,12,17	2
6,12,19	2
6,12,21	2
6,12,27	2
6,12,31	2
6,12,32	2
6,12,33	2
6,12,36	2
6,13,27	2
6,14,18	2
6,14,20	2
6,14,24	2
6,14,27	2
6,14,29	2
6,14,30	2
6,15,17	2
6,15,22	2
6,15,24	2
6,15,31	2
6,15,32	2
6,15,35	2
6,16,20	2
6,16,26	2
6,16,28	2
6,16,30	2
6,16,33	2
6,17,22	2
6,17,26	2
6,18,21	2
6,18,28	2
6,18,29	2
6,19,25	2
6,19,32	2
6,19,35	2
6,19,38	2
6,20,27	2
6,20,34	2
6,21,23	2
6,21,25	2
6,21,29	2
6,21,30	2
6,22,23	2
6,22,24	2
6,22,25	2
6,22,38	2
6,23,27	2
6,23,29	2
6,24,25	2
6,24,27	2
6,24,28	2
6,24,32	2
6,25,27	2
6,25,29	2
6,25,30	2
6,25,32	2
6,26,28	2
6,27,29	2
6,29,30	2
6,29,31	2
6,30,33	2
6,35,41	2
7,8,17	2
7,8,18	2
7,8,25	2
7,9,25	2
7,9,28	2
7,10,17	2
7,10,21	2
7,11,24	2
7,12,16	2
7,12,24	2
7,12,25	2
7,12,28	2
7,12,32	2
7,13,21	2
7,13,23	2
7,13,26	2
7,13,29	2
7,14,28	2
7,15,22	2
7,15,27	2
7,16,17	2
7,16,19	2
7,16,28	2
7,16,38	2
7,17,22	2
7,17,23	2
7,17,25	2
7,18,25	2
7,18,27	2
7,18,30	2
7,19,26	2
7,19,29	2
7,19,31	2
7,20,27	2
7,21,36	2
7,22,30	2
7,22,32	2
7,22,34	2
7,22,35	2
7,23,30	2
7,23,31	2
7,23,36	2
7,24,25	2
7,24,27	2
7,24,33	2
7,25,29	2
7,25,30	2
7,25,31	2
7,27,29	2
7,27,34	2
7,27,43	2
7,28,29	2
7,28,31	2
7,30,31	2
7,31,34	2
7,35,37	2
7,36,37	2
8,9,19	2
8,9,24	2
8,9,25	2
8,9,30	2
8,9,34	2
8,10,20	2
8,10,22	2
8,10,31	2
8,10,33	2
8,11,18	2
8,11,26	2
8,11,32	2
8,11,39	2
8,12,20	2
8,12,34	2
8,12,37	2
8,13,26	2
8,13,35	2
8,14,27	2
8,14,39	2
8,15,16	2
8,15,30	2
8,16,21	2
8,16,22	2
8,16,25	2
8,16,27	2
8,16,30	2
8,16,33	2
8,17,19	2
8,17,24	2
8,17,29	2
8,17,35	2
8,18,26	2
8,18,28	2
8,18,30	2
8,18,39	2
8,19,21	2
8,19,22	2
8,19,29	2
8,19,40	2
8,20,22	2
8,20,28	2
8,20,30	2
8,20,31	2
8,21,22	2
8,21,28	2
8,21,29	2
8,22,24	2
8,22,29	2
8,22,30	2
8,22,32	2
8,22,33	2
8,22,34	2
8,23,32	2
8,23,33	2
8,23,46	2
8,24,25	2
8,24,30	2
8,24,32	2
8,24,38	2
8,24,44	2
8,25,30	2
8,26,33	2
8,27,30	2
8,27,31	2
8,28,29	2
8,28,36	2
8,29,33	2
8,30,32	2
8,34,35	2
8,36,37	2
8,39,44	2
9,10,25	2
9,10,27	2
9,10,30	2
9,11,19	2
9,11,25	2
9,11,27	2
9,11,30	2
9,11,32	2
9,11,33	2
9,11,39	2
9,12,15	2
9,12,19	2
9,12,37	2
9,13,17	2
9,13,19	2
9,13,21	2
9,13,28	2
9,13,30	2
9,13,35	2
9,14,20	2
9,14,25	2
9,14,29	2
9,14,30	2
9,14,32	2
9,15,19	2
9,15,28	2
9,15,30	2
9,16,24	2
9,16,28	2
9,16,32	2
9,16,38	2
9,17,26	2
9,17,27	2
9,17,29	2
9,17,30	2
9,17,31	2
9,17,34	2
9,18,21	2
9,18,29	2
9,18,30	2
9,18,32	2
9,18,36	2
9,19,22	2
9,19,24	2
9,19,31	2
9,19,32	2
9,19,38	2
9,20,23	2
9,20,26	2
9,20,30	2
9,20,31	2
9,21,36	2
9,22,26	2
9,22,27	2
9,22,34	2
9,22,36	2
9,22,39	2
9,23,29	2
9,23,31	2
9,23,36	2
9,23,42	2
9,24,28	2
9,25,26	2
9,25,29	2
9,25,30	2
9,26,27	2
9,27,28	2
9,27,34	2
9,27,38	2
9,27,40	2
9,28,33	2
9,29,34	2
9,31,39	2
9,32,34	2
9,33,34	2
10,11,20	2
10,11,25	2
10,11,30	2
10,11,35	2
10,12,23	2
10,12,25	2
10,12,26	2
10,12,32	2
10,12,33	2
10,13,24	2
10,13,32	2
10,13,33	2
10,14,20	2
10,14,22	2
10,14,26	2
10,14,28	2
10,14,31	2
10,14,45	2
10,15,19	2
10,15,20	2
10,15,21	2
10,15,22	2
10,15,25	2
10,15,30	2
10,15,40	2
10,16,28	2
10,16,32	2
10,16,34	2
10,16,35	2
10,16,38	2
10,16,43	2
10,17,18	2
10,17,20	2
10,17,24	2
10,17,27	2
10,17,28	2
10,17,29	2
10,17,30	2
10,17,34	2
10,18,23	2
10,18,42	2
10,19,34	2
10,19,42	2
10,20,23	2
10,20,29	2
10,20,34	2
10,21,23	2
10,21,24	2
10,21,25	2
10,21,27	2
10,21,32	2
10,21,34	2
10,21,38	2
10,22,26	2
10,22,31	2
10,22,32	2
10,22,36	2
10,22,42	2
10,23,26	2
10,23,31	2
10,23,34	2
10,23,37	2
10,24,27	2
10,24,30	2
10,24,31	2
10,25,31	2
10,25,33	2
10,25,34	2
10,25,35	2
10,26,27	2
10,26,29	2
10,26,30	2
10,26,34	2
10,27,28	2
10,27,30	2
10,27,31	2
10,27,40	2
10,28,30	2
10,28,32	2
10,28,35	2
10,28,37	2
10,28,40	2
10,29,30	2
10,29,37	2
10,30,38	2
10,31,32	2
10,32,35	2
10,33,35	2
10,33,42	2
10,34,35	2
10,40,41	2
11,12,18	2
11,12,22	2
11,12,29	2
11,12,31	2
11,12,32	2
11,12,35	2
11,12,38	2
11,13,26	2
11,13,28	2
11,13,29	2
11,13,34	2
11,13,40	2
11,14,21	2
11,14,22	2
11,14,25	2
11,14,31	2
11,15,29	2
11,15,30	2
11,15,37	2
11,15,42	2
11,16,19	2
11,16,22	2
11,16,28	2
11,16,29	2
11,16,30	2
11,16,36	2
11,16,37	2
11,16,40	2
11,17,27	2
11,17,33	2
11,18,26	2
11,18,27	2
11,19,22	2
11,19,25	2
11,19,28	2
11,19,29	2
11,19,32	2
11,19,34	2
11,20,21	2
11,20,23	2
11,20,27	2
11,20,36	2
11,20,38	2
11,21,29	2
11,21,31	2
11,21,35	2
11,21,38	2
11,22,23	2
11,22,30	2
11,22,34	2
11,23,27	2
11,23,40	2
11,24,32	2
11,25,28	2
11,25,33	2
11,25,40	2
11,26,32	2
11,27,31	2
11,28,31	2
11,28,32	2
11,29,30	2
11,29,32	2
11,29,40	2
11,29,41	2
11,30,31	2
11,30,40	2
11,32,39	2
11,32,41	2
11,33,42	2
11,33,44	2
11,34,39	2
11,35,38	2
11,36,38	2
11,37,38	2
11,38,42	2
12,13,30	2
12,13,31	2
12,13,33	2
12,13,37	2
12,14,26	2
12,14,33	2
12,15,24	2
12,15,28	2
12,15,29	2
12,15,30	2
12,15,32	2
12,16,26	2
12,16,41	2
12,16,43	2
12,17,31	2
12,17,33	2
12,17,39	2
12,18,23	2
12,18,24	2
12,18,28	2
12,18,29	2
12,18,38	2
12,18,43	2
12,19,30	2
12,20,22	2
12,20,24	2
12,20,32	2
12,20,33	2
12,20,34	2
12,21,27	2
12,21,28	2
12,21,32	2
12,22,28	2
12,22,32	2
12,22,36	2
12,23,28	2
12,23,30	2
12,23,33	2
12,23,34	2
12,23,35	2
12,24,32	2
12,24,34	2
12,24,40	2
12,25,26	2
12,25,27	2
12,25,30	2
12,25,33	2
12,26,27	2
12,26,28	2
12,26,30	2
12,26,32	2
12,26,33	2
12,26,34	2
12,26,39	2
12,27,29	2
12,27,30	2
12,27,33	2
12,28,32	2
12,29,31	2
12,30,38	2
12,32,39	2
12,34,37	2
12,39,45	2
13,14,31	2
13,14,36	2
13,15,24	2
13,15,33	2
13,15,36	2
13,16,32	2
13,16,33	2
13,16,42	2
13,17,33	2
13,17,35	2
13,17,37	2
13,18,33	2
13,18,39	2
13,19,32	2
13,19,35	2
13,20,27	2
13,21,27	2
13,21,29	2
13,21,32	2
13,21,34	2
13,21,36	2
13,22,28	2
13,22,30	2
13,22,33	2
13,22,34	2
13,22,35	2
13,23,36	2
13,23,41	2
13,24,26	2
13,24,30	2
13,24,38	2
13,24,39	2
13,24,40	2
13,24,42	2
13,25,34	2
13,25,37	2
13,25,43	2
13,26,28	2
13,26,31	2
13,26,36	2
13,26,40	2
13,27,29	2
13,27,31	2
13,27,32	2
13,27,33	2
13,28,30	2
13,28,34	2
13,29,30	2
13,29,33	2
13,29,34	2
13,29,36	2
13,30,33	2
13,30,36	2
13,30,37	2
13,30,39	2
13,31,37	2
13,31,38	2
13,32,36	2
13,33,35	2
13,35,36	2
13,35,37	2
13,35,38	2
13,35,40	2
13,36,40	2
13,37,40	2
14,15,26	2
14,15,29	2
14,15,30	2
14,15,33	2
14,15,34	2
14,15,35	2
14,15,38	2
14,16,22	2
14,16,28	2
14,17,23	2
14,17,33	2
14,17,41	2
14,17,43	2
14,18,20	2
14,18,26	2
14,18,29	2
14,18,35	2
14,18,40	2
14,19,31	2
14,19,32	2
14,20,23	2
14,20,30	2
14,20,37	2
14,20,39	2
14,21,29	2
14,21,32	2
14,21,34	2
14,21,35	2
14,21,36	2
14,21,38	2
14,22,28	2
14,22,30	2
14,22,31	2
14,22,32	2
14,22,36	2
14,22,40	2
14,22,43	2
14,23,24	2
14,23,27	2
14,23,28	2
14,23,33	2
14,23,34	2
14,23,36	2
14,24,27	2
14,24,30	2
14,24,33	2
14,24,40	2
14,24,42	2
14,24,44	2
14,25,26	2
14,25,34	2
14,25,37	2
14,25,39	2
14,26,33	2
14,26,42	2
14,27,30	2
14,27,32	2
14,27,34	2
14,27,35	2
14,28,33	2
14,28,35	2
14,28,40	2
14,28,42	2
14,29,31	2
14,29,36	2
14,29,42	2
14,30,31	2
14,30,32	2
14,30,37	2
14,30,46	2
14,31,38	2
14,32,36	2
14,33,36	2
14,34,35	2
14,36,40	2
14,37,39	2
14,37,40	2
14,37,41	2
14,38,41	2
15,16,25	2
15,16,26	2
15,16,27	2
15,16,32	2
15,16,35	2
15,16,36	2
15,16,37	2
15,16,39	2
15,16,41	2
15,17,34	2
15,17,36	2
15,17,40	2
15,18,19	2
15,18,26	2
15,18,27	2
15,18,33	2
15,19,28	2
15,19,32	2
15,19,42	2
15,20,28	2
15,20,30	2
15,20,36	2
15,20,37	2
15,20,41	2
15,21,33	2
15,21,42	2
15,22,25	2
15,22,26	2
15,22,31	2
15,22,33	2
15,23,31	2
15,23,35	2
15,23,37	2
15,24,31	2
15,24,37	2
15,24,41	2
15,25,33	2
15,26,35	2
15,26,37	2
15,26,38	2
15,26,41	2
15,27,31	2
15,27,32	2
15,27,37	2
15,27,39	2
15,27,44	2
15,27,48	2
15,28,29	2
15,28,31	2
15,28,34	2
15,28,41	2
15,28,46	2
15,28,49	2
15,29,31	2
15,29,32	2
15,29,35	2
15,29,37	2
15,30,33	2
15,30,35	2
15,30,37	2
15,30,38	2
15,31,34	2
15,31,38	2
15,33,38	2
15,33,39	2
15,34,35	2
15,34,36	2
15,34,37	2
15,35,37	2
15,35,39	2
15,35,42	2
15,36,39	2
15,37,41	2
15,38,39	2
15,38,43	2
15,41,44	2
15,42,44	2
16,17,28	2
16,17,31	2
16,17,32	2
16,17,33	2
16,18,25	2
16,18,37	2
16,18,40	2
16,19,34	2
16,19,36	2
16,19,37	2
16,19,48	2
16,20,25	2
16,20,26	2
16,20,27	2
16,20,31	2
16,20,33	2
16,20,35	2
16,20,38	2
16,20,39	2
16,20,45	2
16,21,26	2
16,21,34	2
16,21,39	2
16,21,40	2
16,21,43	2
16,22,28	2
16,22,34	2
16,22,35	2
16,22,38	2
16,23,36	2
16,23,37	2
16,24,31	2
16,24,33	2
16,24,39	2
16,24,41	2
16,25,31	2
16,25,32	2
16,25,33	2
16,26,27	2
16,26,28	2
16,26,29	2
16,26,48	2
16,27,29	2
16,27,45	2
16,28,29	2
16,28,31	2
16,28,33	2
16,28,36	2
16,28,40	2
16,29,30	2
16,29,40	2
16,30,31	2
16,30,32	2
16,30,36	2
16,30,40	2
16,31,34	2
16,31,36	2
16,31,37	2
16,31,38	2
16,31,39	2
16,32,33	2
16,32,39	2
16,32,42	2
16,32,47	2
16,33,35	2
16,33,36	2
16,33,39	2
16,34,35	2
16,34,38	2
16,34,44	2
16,35,38	2
16,35,40	2
16,36,37	2
16,36,38	2
16,36,39	2
16,37,40	2
16,38,41	2
16,39,41	2
16,41,42	2
16,41,45	2
16,43,47	2
16,45,48	2
17,18,30	2
17,18,32	2
17,18,34	2
17,18,37	2
17,19,27	2
17,19,30	2
17,19,31	2
17,19,36	2
17,19,39	2
17,19,42	2
17,20,31	2
17,20,33	2
17,20,34	2
17,20,38	2
17,20,41	2
17,20,42	2
17,21,38	2
17,21,40	2
17,21,43	2
17,22,27	2
17,22,33	2
17,22,38	2
17,22,41	2
17,23,32	2
17,23,36	2
17,23,37	2
17,23,38	2
17,23,43	2
17,24,28	2
17,24,29	2
17,24,32	2
17,24,33	2
17,24,41	2
17,25,31	2
17,25,34	2
17,25,37	2
17,26,36	2
17,26,41	2
17,27,34	2
17,27,37	2
17,27,40	2
17,27,49	2
17,28,37	2
17,28,41	2
17,29,39	2
17,30,32	2
17,30,33	2
17,30,36	2
17,30,40	2
17,31,47	2
17,32,33	2
17,32,37	2
17,32,39	2
17,32,40	2
17,32,42	2
17,33,35	2
17,33,39	2
17,34,39	2
17,36,37	2
17,36,39	2
17,36,42	2
17,37,39	2
17,37,40	2
17,38,40	2
17,41,43	2
17,41,48	2
17,43,49	2
17,44,45	2
17,44,49	2
18,19,41	2
18,19,42	2
18,19,48	2
18,20,32	2
18,20,39	2
18,21,32	2
18,21,39	2
18,22,36	2
18,22,47	2
18,23,34	2
18,23,36	2
18,24,31	2
18,24,35	2
18,24,41	2
18,24,49	2
18,25,32	2
18,25,35	2
18,25,40	2
18,25,41	2
18,26,33	2
18,26,35	2
18,26,36	2
18,27,28	2
18,27,33	2
18,27,49	2
18,28,36	2
18,28,38	2
18,28,41	2
18,29,35	2
18,29,36	2
18,29,40	2
18,30,31	2
18,30,41	2
18,31,33	2
18,31,39	2
18,31,41	2
18,31,42	2
18,31,44	2
18,32,33	2
18,33,34	2
18,33,39	2
18,33,45	2
18,34,35	2
18,34,36	2
18,34,45	2
18,35,37	2
18,35,39	2
18,35,40	2
18,35,44	2
18,35,46	2
18,36,37	2
18,36,42	2
18,37,43	2
18,38,39	2
18,38,40	2
18,38,43	2
18,38,46	2
18,39,47	2
18,40,45	2
18,40,46	2
18,43,48	2
18,44,45	2
19,20,35	2
19,20,37	2
19,20,42	2
19,20,47	2
19,21,31	2
19,21,34	2
19,21,39	2
19,21,40	2
19,21,44	2
19,22,26	2
19,22,34	2
19,22,35	2
19,22,41	2
19,23,28	2
19,23,39	2
19,23,46	2
19,24,30	2
19,24,32	2
19,24,36	2
19,24,38	2
19,24,41	2
19,24,46	2
19,25,40	2
19,26,37	2
19,26,42	2
19,27,32	2
19,27,33	2
19,27,37	2
19,27,46	2
19,28,41	2
19,28,43	2
19,28,45	2
19,29,30	2
19,29,32	2
19,29,37	2
19,29,39	2
19,29,40	2
19,29,41	2
19,30,33	2
19,30,34	2
19,30,43	2
19,30,45	2
19,31,34	2
19,31,35	2
19,31,37	2
19,31,39	2
19,31,40	2
19,32,37	2
19,32,39	2
19,32,40	2
19,32,41	2
19,32,44	2
19,33,34	2
19,33,35	2
19,33,37	2
19,33,40	2
19,34,37	2
19,34,41	2
19,35,40	2
19,36,39	2
19,36,40	2
19,36,41	2
19,36,44	2
19,36,47	2
19,37,40	2
19,37,41	2
19,37,47	2
19,38,42	2
19,38,43	2
19,39,40	2
19,39,46	2
19,39,47	2
19,40,46	2
19,41,42	2
19,41,46	2
19,42,46	2
19,42,47	2
19,43,44	2
20,21,37	2
20,22,28	2
20,22,39	2
20,22,44	2
20,22,45	2
20,22,49	2
20,23,29	2
20,23,35	2
20,23,38	2
20,24,35	2
20,24,37	2
20,24,46	2
20,25,28	2
20,25,32	2
20,25,33	2
20,25,42	2
20,26,38	2
20,26,42	2
20,27,36	2
20,27,38	2
20,27,49	2
20,28,30	2
20,28,31	2
20,28,35	2
20,28,38	2
20,28,40	2
20,28,41	2
20,29,36	2
20,29,39	2
20,29,40	2
20,29,43	2
20,29,45	2
20,30,32	2
20,30,35	2
20,30,39	2
20,30,40	2
20,30,46	2
20,30,48	2
20,31,32	2
20,31,37	2
20,31,39	2
20,31,41	2
20,31,46	2
20,31,47	2
20,32,36	2
20,32,41	2
20,32,42	2
20,32,45	2
20,33,37	2
20,33,39	2
20,34,36	2
20,34,38	2
20,34,39	2
20,34,41	2
20,34,44	2
20,34,46	2
20,35,37	2
20,35,39	2
20,35,40	2
20,35,44	2
20,35,46	2
20,36,44	2
20,36,45	2
20,37,38	2
20,37,46	2
20,38,41	2
20,39,43	2
20,39,44	2
20,39,47	2
20,40,41	2
20,40,49	2
20,41,42	2
20,41,44	2
20,41,45	2
20,41,47	2
20,42,43	2
20,42,49	2
20,44,46	2
21,22,28	2
21,22,35	2
21,22,36	2
21,22,42	2
21,22,43	2
21,22,46	2
21,22,49	2
21,23,34	2
21,23,40	2
21,23,42	2
21,24,33	2
21,24,36	2
21,24,41	2
21,24,45	2
21,25,45	2
21,26,35	2
21,26,37	2
21,26,41	2
21,26,42	2
21,26,43	2
21,26,44	2
21,26,45	2
21,26,47	2
21,27,35	2
21,27,37	2
21,27,39	2
21,27,41	2
21,27,42	2
21,27,44	2
21,27,47	2
21,28,38	2
21,28,39	2
21,28,42	2
21,28,46	2
21,28,47	2
21,29,46	2
21,30,37	2
21,30,43	2
21,30,44	2
21,31,36	2
21,31,42	2
21,31,43	2
21,31,44	2
21,31,46	2
21,31,48	2
21,32,39	2
21,32,41	2
21,32,42	2
21,32,43	2
21,32,44	2
21,33,38	2
21,33,45	2
21,34,38	2
21,34,40	2
21,34,41	2
21,34,42	2
21,34,47	2
21,35,40	2
21,35,42	2
21,35,43	2
21,35,45	2
21,36,38	2
21,36,40	2
21,36,42	2
21,36,43	2
21,36,47	2
21,37,39	2
21,37,40	2
21,37,42	2
21,39,46	2
21,40,44	2
21,41,43	2
21,41,45	2
21,43,48	2
22,23,39	2
22,23,41	2
22,24,32	2
22,24,44	2
22,24,48	2
22,25,35	2
22,25,45	2
22,25,49	2
22,26,28	2
22,26,39	2
22,26,45	2
22,27,29	2
22,27,32	2
22,27,38	2
22,27,39	2
22,27,44	2
22,27,45	2
22,28,29	2
22,28,31	2
22,28,35	2
22,28,37	2
22,28,38	2
22,28,42	2
22,28,43	2
22,28,44	2
22,29,37	2
22,29,41	2
22,29,44	2
22,30,46	2
22,31,40	2
22,31,41	2
22,31,44	2
22,32,34	2
22,32,39	2
22,32,49	2
22,33,36	2
22,33,37	2
22,33,40	2
22,33,46	2
22,33,47	2
22,34,35	2
22,34,39	2
22,34,40	2
22,34,41	2
22,34,43	2
22,34,45	2
22,34,49	2
22,35,43	2
22,35,45	2
22,35,49	2
22,36,49	2
22,37,41	2
22,37,49	2
22,39,43	2
22,39,45	2
22,40,41	2
22,40,43	2
22,40,45	2
22,40,47	2
22,41,43	2
22,41,46	2
22,41,47	2
22,42,43	2
22,42,46	2
22,44,45	2
23,24,27	2
23,24,30	2
23,24,37	2
23,24,39	2
23,24,40	2
23,25,32	2
23,25,33	2
23,25,36	2
23,25,39	2
23,25,44	2
23,25,49	2
23,26,33	2
23,26,39	2
23,26,41	2
23,26,44	2
23,26,45	2
23,27,37	2
23,27,48	2
23,28,34	2
23,28,35	2
23,28,36	2
23,28,49	2
23,29,39	2
23,29,45	2
23,30,40	2
23,30,41	2
23,30,44	2
23,31,33	2
23,31,40	2
23,31,44	2
23,31,45	2
23,31,48	2
23,32,39	2
23,32,42	2
23,32,43	2
23,32,45	2
23,33,34	2
23,33,36	2
23,33,37	2
23,35,36	2
23,35,37	2
23,35,38	2
23,35,44	2
23,35,45	2
23,36,39	2
23,36,40	2
23,36,47	2
23,36,49	2
23,37,38	2
23,37,40	2
23,37,46	2
23,38,40	2
23,38,41	2
23,38,46	2
23,38,48	2
23,39,42	2
23,40,41	2
23,41,43	2
23,41,44	2
23,42,46	2
23,42,47	2
23,43,44	2
23,43,46	2
23,46,49	2
24,25,36	2
24,25,38	2
24,25,39	2
24,25,48	2
24,26,40	2
24,26,42	2
24,26,44	2
24,27,32	2
24,27,46	2
24,28,39	2
24,28,40	2
24,28,47	2
24,29,41	2
24,29,42	2
24,29,48	2
24,30,34	2
24,30,39	2
24,30,42	2
24,30,43	2
24,30,46	2
24,31,44	2
24,31,45	2
24,31,48	2
24,32,41	2
24,32,42	2
24,32,43	2
24,33,39	2
24,33,45	2
24,34,47	2
24,35,39	2
24,35,42	2
24,35,45	2
24,36,42	2
24,37,40	2
24,37,48	2
24,38,45	2
24,39,49	2
24,41,42	2
24,41,48	2
24,42,43	2
24,42,46	2
24,43,45	2
24,43,48	2
24,44,45	2
24,45,46	2
24,45,48	2
25,26,32	2
25,26,45	2
25,26,46	2
25,27,36	2
25,28,43	2
25,28,46	2
25,28,49	2
25,29,44	2
25,29,45	2
25,29,46	2
25,30,34	2
25,30,38	2
25,30,41	2
25,30,43	2
25,30,44	2
25,30,47	2
25,31,35	2
25,31,40	2
25,31,42	2
25,31,44	2
25,31,48	2
25,32,35	2
25,32,38	2
25,32,40	2
25,32,44	2
25,32,48	2
25,32,49	2
25,33,36	2
25,33,47	2
25,33,48	2
25,34,43	2
25,35,37	2
25,35,38	2
25,35,42	2
25,35,44	2
25,36,38	2
25,36,43	2
25,36,44	2
25,36,46	2
25,37,40	2
25,37,46	2
25,37,47	2
25,38,39	2
25,38,42	2
25,38,43	2
25,38,49	2
25,39,41	2
25,39,42	2
25,39,43	2
25,40,43	2
25,40,44	2
25,40,45	2
25,42,43	2
25,42,45	2
25,43,45	2
25,44,47	2
25,45,46	2
25,45,49	2
25,47,48	2
26,27,36	2
26,27,37	2
26,27,42	2
26,27,43	2
26,27,45	2
26,27,47	2
26,28,29	2
26,28,43	2
26,28,47	2
26,29,30	2
26,29,41	2
26,29,42	2
26,29,44	2
26,29,48	2
26,30,37	2
26,30,39	2
26,30,49	2
26,31,37	2
26,31,39	2
26,31,43	2
26,31,49	2
26,32,36	2
26,32,47	2
26,32,49	2
26,33,45	2
26,34,40	2
26,34,48	2
26,35,37	2
26,35,40	2
26,35,41	2
26,35,44	2
26,35,48	2
26,36,38	2
26,36,44	2
26,37,40	2
26,37,42	2
26,37,47	2
26,37,48	2
26,38,39	2
26,38,44	2
26,38,48	2
26,39,41	2
26,39,47	2
26,40,44	2
26,42,45	2
26,43,46	2
26,44,45	2
26,45,46	2
26,45,47	2
26,45,49	2
26,46,49	2
27,28,35	2
27,28,39	2
27,28,46	2
27,28,47	2
27,29,36	2
27,29,37	2
27,29,46	2
27,29,47	2
27,30,42	2
27,30,46	2
27,30,47	2
27,31,38	2
27,31,43	2
27,31,44	2
27,31,46	2
27,32,37	2
27,32,39	2
27,32,43	2
27,32,45	2
27,32,47	2
27,33,37	2
27,33,38	2
27,33,49	2
27,34,38	2
27,34,43	2
27,34,44	2
27,34,47	2
27,34,49	2
27,35,44	2
27,35,45	2
27,35,47	2
27,36,44	2
27,36,49	2
27,37,39	2
27,37,46	2
27,38,43	2
27,38,46	2
27,39,41	2
27,39,42	2
27,39,44	2
27,39,49	2
27,40,43	2
27,40,47	2
27,40,49	2
27,41,47	2
27,41,48	2
27,42,43	2
27,42,49	2
27,43,44	2
27,43,46	2
27,43,47	2
27,43,49	2
27,44,48	2
27,45,46	2
27,46,49	2
27,47,48	2
28,29,35	2
28,29,40	2
28,29,43	2
28,30,39	2
28,30,49	2
28,31,40	2
28,31,41	2
28,31,49	2
28,33,40	2
28,33,46	2
28,34,39	2
28,35,44	2
28,35,46	2
28,36,45	2
28,36,46	2
28,37,43	2
28,37,44	2
28,37,46	2
28,37,47	2
28,38,48	2
28,38,49	2
28,39,43	2
28,39,44	2
28,39,45	2
28,40,47	2
28,41,46	2
28,41,48	2
28,42,43	2
28,42,47	2
28,42,49	2
28,43,46	2
28,43,47	2
28,44,45	2
28,44,46	2
28,44,48	2
28,45,46	2
28,45,48	2
28,47,49	2
28,48,49	2
29,30,40	2
29,30,45	2
29,30,47	2
29,30,48	2
29,31,39	2
29,31,40	2
29,31,44	2
29,32,35	2
29,32,41	2
29,32,45	2
29,32,48	2
29,33,44	2
29,33,45	2
29,33,49	2
29,34,47	2
29,34,48	2
29,36,41	2
29,36,49	2
29,37,43	2
29,38,41	2
29,38,45	2
29,38,46	2
29,38,49	2
29,39,42	2
29,39,44	2
29,39,48	2
29,40,45	2
29,40,46	2
29,40,48	2
29,40,49	2
29,41,43	2
29,41,44	2
29,43,46	2
29,44,47	2
29,45,48	2
29,46,47	2
29,46,49	2
30,31,44	2
30,31,46	2
30,31,49	2
30,32,48	2
30,33,37	2
30,33,38	2
30,33,48	2
30,33,49	2
30,34,45	2
30,34,47	2
30,35,38	2
30,35,39	2
30,35,40	2
30,35,44	2
30,35,45	2
30,35,47	2
30,36,43	2
30,37,38	2
30,37,41	2
30,37,44	2
30,37,48	2
30,38,49	2
30,39,45	2
30,39,48	2
30,41,49	2
30,43,44	2
30,43,47	2
30,44,47	2
30,45,47	2
30,45,48	2
30,46,47	2
30,47,49	2
31,32,37	2
31,32,38	2
31,32,44	2
31,32,48	2
31,33,40	2
31,34,40	2
31,34,48	2
31,35,38	2
31,36,40	2
31,36,47	2
31,37,49	2
31,38,46	2
31,38,47	2
31,39,44	2
31,39,47	2
31,40,48	2
31,41,45	2
31,43,45	2
31,43,49	2
31,45,48	2
31,46,47	2
31,46,49	2
31,48,49	2
32,33,46	2
32,34,35	2
32,35,36	2
32,35,40	2
32,36,43	2
32,37,41	2
32,37,49	2
32,38,43	2
32,38,46	2
32,38,47	2
32,38,48	2
32,39,48	2
32,40,42	2
32,40,43	2
32,40,47	2
32,40,48	2
32,41,48	2
32,42,45	2
32,42,47	2
32,43,44	2
32,43,46	2
32,43,47	2
32,44,46	2
32,45,48	2
32,47,48	2
32,47,49	2
33,35,49	2
33,37,39	2
33,37,41	2
33,37,45	2
33,37,48	2
33,38,39	2
33,38,46	2
33,38,49	2
33,39,48	2
33,40,48	2
33,42,48	2
33,43,45	2
33,43,48	2
33,44,48	2
33,46,47	2
33,47,48	2
34,38,39	2
34,38,42	2
34,39,44	2
34,39,45	2
34,39,48	2
34,41,49	2
34,42,46	2
34,42,49	2
34,43,48	2
34,44,46	2
34,45,47	2
35,36,48	2
35,37,42	2
35,38,49	2
35,42,46	2
35,42,48	2
35,42,49	2
35,44,46	2
35,44,48	2
35,44,49	2
35,45,46	2
35,45,48	2
35,47,48	2
35,47,49	2
36,37,48	2
36,38,49	2
36,41,49	2
36,43,44	2
36,43,46	2
36,46,48	2
37,38,43	2
37,38,49	2
37,39,44	2
37,40,47	2
37,40,49	2
37,41,44	2
37,41,49	2
37,42,46	2
37,42,47	2
37,43,46	2
37,45,49	2
37,46,49	2
38,40,48	2
38,40,49	2
38,41,47	2
38,42,49	2
38,44,45	2
38,44,46	2
38,46,49	2
39,44,49	2
39,48,49	2
40,42,48	2
40,43,44	2
41,42,44	2
41,47,49	2
42,46,48	2
42,48,49	2
45,48,49	2
