Kombinacja	Liczba wystąpień
4,20,29	8
5,27,45	7
7,21,32	7
10,33,44	7
11,34,45	7
14,31,41	7
1,17,25	6
2,17,40	6
3,28,38	6
4,16,35	6
5,9,29	6
5,15,41	6
5,20,33	6
6,12,30	6
6,25,33	6
6,28,36	6
7,25,37	6
9,23,38	6
10,26,37	6
11,24,39	6
11,27,40	6
13,20,42	6
14,26,42	6
16,27,42	6
18,35,47	6
20,39,45	6
1,10,28	5
1,10,37	5
1,12,26	5
1,12,27	5
1,13,37	5
1,16,36	5
1,17,34	5
1,17,37	5
1,19,35	5
1,20,37	5
1,27,38	5
2,11,35	5
2,13,34	5
2,15,43	5
2,17,42	5
2,18,40	5
2,19,35	5
2,19,39	5
2,21,35	5
3,13,31	5
3,14,32	5
3,18,34	5
3,19,40	5
3,20,44	5
3,23,40	5
3,24,43	5
3,27,40	5
3,28,34	5
4,14,31	5
4,16,31	5
4,17,30	5
4,18,44	5
4,21,28	5
4,21,37	5
4,21,42	5
5,11,40	5
5,18,30	5
5,18,40	5
5,19,33	5
5,20,39	5
5,21,39	5
5,23,40	5
5,27,39	5
6,18,40	5
6,19,40	5
6,20,41	5
6,24,41	5
6,25,45	5
6,26,34	5
6,27,44	5
7,16,38	5
7,17,38	5
7,20,34	5
7,21,34	5
7,21,39	5
7,23,39	5
7,25,48	5
8,15,39	5
8,17,32	5
8,19,31	5
8,19,36	5
8,21,39	5
8,22,36	5
9,21,32	5
9,22,39	5
9,22,45	5
9,23,34	5
9,24,38	5
10,20,32	5
10,26,44	5
11,21,41	5
11,23,40	5
11,23,44	5
11,25,49	5
11,26,41	5
11,34,44	5
12,24,43	5
12,28,38	5
12,29,37	5
13,22,29	5
13,28,49	5
13,31,47	5
14,19,37	5
14,25,45	5
14,26,34	5
14,35,49	5
15,21,40	5
15,24,43	5
15,24,46	5
15,26,35	5
15,27,47	5
15,30,45	5
15,34,47	5
16,27,39	5
16,28,39	5
17,26,48	5
19,31,45	5
20,26,48	5
20,32,43	5
20,33,46	5
21,38,47	5
22,36,46	5
24,39,42	5
1,10,30	4
1,11,35	4
1,12,28	4
1,12,40	4
1,13,23	4
1,13,35	4
1,15,30	4
1,16,38	4
1,17,26	4
1,17,31	4
1,17,32	4
1,17,38	4
1,20,35	4
1,22,34	4
1,22,45	4
1,23,38	4
1,26,38	4
1,26,39	4
1,27,40	4
1,28,40	4
2,8,36	4
2,9,27	4
2,11,24	4
2,12,18	4
2,12,36	4
2,13,28	4
2,14,35	4
2,15,36	4
2,16,28	4
2,17,30	4
2,17,36	4
2,20,30	4
2,20,36	4
2,21,38	4
2,21,39	4
2,21,40	4
2,22,31	4
2,23,41	4
2,25,37	4
2,26,43	4
2,27,43	4
2,37,44	4
3,8,24	4
3,8,31	4
3,10,32	4
3,12,22	4
3,13,25	4
3,14,29	4
3,14,31	4
3,15,32	4
3,15,36	4
3,16,39	4
3,19,29	4
3,19,32	4
3,20,43	4
3,21,43	4
3,22,44	4
3,23,35	4
3,25,33	4
3,27,34	4
3,29,36	4
3,30,45	4
3,34,45	4
4,10,26	4
4,10,31	4
4,13,22	4
4,13,32	4
4,13,33	4
4,14,39	4
4,16,28	4
4,16,36	4
4,17,36	4
4,18,31	4
4,18,32	4
4,19,31	4
4,20,35	4
4,20,40	4
4,20,43	4
4,21,43	4
4,22,36	4
4,23,32	4
4,24,30	4
4,24,32	4
4,25,36	4
4,27,36	4
4,28,36	4
4,28,45	4
4,34,44	4
5,12,34	4
5,13,27	4
5,14,37	4
5,14,40	4
5,14,43	4
5,15,28	4
5,15,37	4
5,17,40	4
5,19,26	4
5,19,29	4
5,20,27	4
5,20,32	4
5,21,27	4
5,22,41	4
5,25,34	4
5,27,30	4
5,29,48	4
5,31,39	4
6,13,39	4
6,15,34	4
6,16,21	4
6,16,25	4
6,16,42	4
6,17,42	4
6,18,28	4
6,18,49	4
6,19,28	4
6,19,31	4
6,19,33	4
6,20,40	4
6,21,37	4
6,23,49	4
6,24,31	4
6,24,35	4
6,25,32	4
6,27,47	4
6,28,39	4
6,29,38	4
6,30,44	4
6,33,45	4
6,36,42	4
7,11,41	4
7,13,25	4
7,13,28	4
7,13,32	4
7,16,47	4
7,17,28	4
7,17,36	4
7,20,46	4
7,22,32	4
7,22,46	4
7,23,45	4
7,26,32	4
7,26,42	4
7,29,46	4
7,32,46	4
8,17,36	4
8,18,33	4
8,18,41	4
8,19,35	4
8,19,45	4
8,20,39	4
8,21,40	4
8,25,44	4
8,26,40	4
8,27,38	4
8,28,38	4
8,28,41	4
8,30,39	4
8,30,40	4
8,30,46	4
8,32,44	4
8,38,42	4
9,17,38	4
9,18,39	4
9,20,33	4
9,20,45	4
9,24,40	4
9,25,36	4
9,26,38	4
9,26,46	4
9,28,43	4
9,29,43	4
9,29,44	4
9,30,45	4
9,31,42	4
9,32,41	4
9,34,42	4
9,35,48	4
10,17,38	4
10,22,37	4
10,23,38	4
10,24,41	4
10,26,40	4
10,26,47	4
10,28,45	4
10,29,39	4
10,29,42	4
10,32,49	4
10,35,44	4
10,37,49	4
11,14,37	4
11,15,38	4
11,20,38	4
11,21,37	4
11,22,41	4
11,25,34	4
11,25,43	4
11,27,42	4
11,28,37	4
11,28,43	4
11,29,44	4
11,31,41	4
11,33,46	4
12,21,36	4
12,21,38	4
12,21,39	4
12,23,34	4
12,23,38	4
12,24,37	4
12,27,43	4
12,27,49	4
12,31,42	4
12,32,37	4
12,36,49	4
13,20,40	4
13,21,30	4
13,22,49	4
13,24,42	4
13,25,37	4
13,25,42	4
13,25,49	4
13,26,42	4
13,26,49	4
13,28,39	4
13,29,42	4
13,29,46	4
13,30,34	4
13,31,40	4
13,32,37	4
13,32,39	4
13,32,44	4
13,33,43	4
13,34,40	4
13,36,47	4
14,18,29	4
14,21,37	4
14,23,40	4
14,25,38	4
14,26,40	4
14,27,47	4
14,30,38	4
14,30,39	4
14,31,46	4
14,34,43	4
14,34,49	4
14,36,46	4
14,36,49	4
14,40,49	4
14,42,49	4
15,25,47	4
15,28,44	4
15,31,41	4
15,31,48	4
15,33,42	4
15,33,44	4
15,34,42	4
15,34,43	4
15,34,46	4
15,35,46	4
16,23,40	4
16,24,36	4
16,27,38	4
16,29,46	4
16,31,45	4
16,34,46	4
16,36,44	4
16,37,48	4
16,38,48	4
17,22,46	4
17,23,48	4
17,24,43	4
17,24,44	4
17,25,33	4
17,26,39	4
17,28,48	4
17,29,37	4
17,30,49	4
17,31,39	4
17,32,49	4
17,33,48	4
17,34,45	4
17,34,46	4
17,34,47	4
17,34,49	4
17,35,49	4
17,36,49	4
17,37,45	4
17,41,47	4
18,24,44	4
18,28,43	4
18,28,49	4
18,29,42	4
18,29,47	4
18,30,39	4
18,31,42	4
18,32,38	4
18,38,46	4
18,40,49	4
19,31,48	4
19,35,47	4
19,37,49	4
19,38,45	4
19,39,48	4
20,28,35	4
20,36,46	4
20,42,46	4
21,26,44	4
21,27,44	4
21,29,45	4
21,31,43	4
21,33,44	4
21,35,48	4
22,32,46	4
22,33,44	4
22,34,46	4
22,35,44	4
22,35,46	4
22,41,49	4
24,30,43	4
24,36,46	4
24,42,49	4
25,31,48	4
26,35,47	4
26,36,45	4
26,36,49	4
26,41,47	4
26,45,48	4
27,32,48	4
30,36,49	4
1,7,23	3
1,8,36	3
1,10,33	3
1,10,35	3
1,11,28	3
1,11,30	3
1,11,33	3
1,11,42	3
1,13,29	3
1,14,27	3
1,14,28	3
1,14,33	3
1,14,38	3
1,16,28	3
1,16,33	3
1,16,41	3
1,16,45	3
1,17,27	3
1,17,28	3
1,18,29	3
1,18,30	3
1,18,36	3
1,18,37	3
1,19,24	3
1,19,25	3
1,19,27	3
1,19,33	3
1,20,27	3
1,20,41	3
1,20,46	3
1,21,26	3
1,21,32	3
1,21,37	3
1,22,39	3
1,22,42	3
1,24,35	3
1,24,37	3
1,24,42	3
1,25,43	3
1,27,33	3
1,27,39	3
1,29,44	3
1,31,45	3
1,35,41	3
1,36,42	3
2,5,31	3
2,8,41	3
2,9,38	3
2,10,21	3
2,10,26	3
2,10,27	3
2,10,28	3
2,10,38	3
2,11,16	3
2,11,26	3
2,11,28	3
2,11,29	3
2,11,30	3
2,13,20	3
2,13,33	3
2,13,37	3
2,14,31	3
2,15,29	3
2,15,39	3
2,16,32	3
2,16,36	3
2,16,39	3
2,17,25	3
2,17,34	3
2,17,39	3
2,18,30	3
2,18,37	3
2,18,42	3
2,19,32	3
2,19,43	3
2,19,44	3
2,20,38	3
2,21,36	3
2,22,26	3
2,22,38	3
2,22,41	3
2,22,44	3
2,25,32	3
2,25,34	3
2,26,32	3
2,26,38	3
2,26,42	3
2,27,32	3
2,27,38	3
2,28,31	3
2,29,36	3
2,29,43	3
2,30,40	3
2,30,44	3
2,30,47	3
3,7,20	3
3,9,39	3
3,10,27	3
3,11,23	3
3,11,27	3
3,11,39	3
3,12,24	3
3,12,28	3
3,13,17	3
3,13,27	3
3,14,34	3
3,14,38	3
3,15,27	3
3,15,31	3
3,15,37	3
3,15,44	3
3,16,24	3
3,16,28	3
3,16,31	3
3,16,32	3
3,16,34	3
3,17,20	3
3,17,25	3
3,17,27	3
3,17,33	3
3,17,35	3
3,18,27	3
3,18,31	3
3,18,37	3
3,19,27	3
3,19,38	3
3,20,33	3
3,20,46	3
3,21,28	3
3,21,29	3
3,21,32	3
3,21,45	3
3,22,32	3
3,22,34	3
3,22,35	3
3,23,29	3
3,23,32	3
3,23,42	3
3,24,30	3
3,24,35	3
3,24,36	3
3,24,44	3
3,24,46	3
3,25,31	3
3,25,40	3
3,26,33	3
3,26,42	3
3,27,46	3
3,28,48	3
3,29,34	3
3,30,42	3
3,33,45	3
3,35,40	3
3,37,47	3
4,8,23	3
4,8,27	3
4,10,32	3
4,10,42	3
4,11,24	3
4,11,28	3
4,11,31	3
4,11,40	3
4,11,41	3
4,12,23	3
4,12,27	3
4,13,26	3
4,14,36	3
4,15,27	3
4,15,32	3
4,15,36	3
4,15,42	3
4,16,24	3
4,16,34	3
4,17,33	3
4,17,49	3
4,18,25	3
4,18,29	3
4,18,47	3
4,19,28	3
4,19,29	3
4,19,34	3
4,19,35	3
4,19,36	3
4,19,41	3
4,20,36	3
4,21,24	3
4,21,32	3
4,22,35	3
4,22,37	3
4,22,40	3
4,22,42	3
4,22,47	3
4,23,30	3
4,23,34	3
4,23,39	3
4,24,35	3
4,24,44	3
4,25,35	3
4,25,37	3
4,25,38	3
4,25,39	3
4,25,43	3
4,25,44	3
4,25,47	3
4,26,37	3
4,26,38	3
4,26,42	3
4,27,37	3
4,27,48	3
4,28,38	3
4,28,40	3
4,29,42	3
4,30,35	3
4,30,46	3
4,31,40	3
4,31,42	3
4,32,47	3
4,34,46	3
4,35,41	3
5,8,42	3
5,9,28	3
5,10,23	3
5,11,23	3
5,11,44	3
5,12,45	3
5,13,24	3
5,13,29	3
5,14,29	3
5,14,33	3
5,14,42	3
5,15,29	3
5,15,30	3
5,15,38	3
5,15,40	3
5,16,34	3
5,16,35	3
5,17,20	3
5,17,22	3
5,17,32	3
5,17,37	3
5,17,38	3
5,17,39	3
5,17,42	3
5,17,44	3
5,18,28	3
5,18,39	3
5,18,45	3
5,18,46	3
5,19,45	3
5,19,46	3
5,20,31	3
5,20,36	3
5,20,48	3
5,21,37	3
5,22,31	3
5,22,36	3
5,22,38	3
5,22,45	3
5,22,48	3
5,23,35	3
5,24,31	3
5,24,45	3
5,25,38	3
5,25,45	3
5,26,42	3
5,26,46	3
5,27,42	3
5,28,36	3
5,28,43	3
5,29,38	3
5,29,40	3
5,29,44	3
5,30,35	3
5,30,36	3
5,30,49	3
5,31,48	3
5,33,42	3
5,33,43	3
5,33,47	3
5,33,48	3
5,36,40	3
5,38,46	3
6,13,30	3
6,13,33	3
6,13,46	3
6,15,21	3
6,15,42	3
6,16,22	3
6,16,24	3
6,16,32	3
6,16,35	3
6,16,38	3
6,16,48	3
6,17,40	3
6,18,35	3
6,19,30	3
6,19,35	3
6,20,34	3
6,20,38	3
6,21,27	3
6,21,43	3
6,21,46	3
6,22,37	3
6,22,38	3
6,22,45	3
6,22,46	3
6,23,34	3
6,23,35	3
6,23,42	3
6,23,46	3
6,24,34	3
6,24,36	3
6,24,38	3
6,24,40	3
6,24,44	3
6,25,35	3
6,25,37	3
6,25,43	3
6,25,44	3
6,26,40	3
6,27,32	3
6,27,38	3
6,27,43	3
6,27,49	3
6,28,42	3
6,29,35	3
6,30,34	3
6,31,43	3
6,32,41	3
6,32,42	3
6,33,47	3
6,36,45	3
6,43,46	3
7,13,36	3
7,14,34	3
7,14,42	3
7,14,46	3
7,15,33	3
7,15,42	3
7,16,45	3
7,17,30	3
7,17,41	3
7,17,49	3
7,18,33	3
7,18,42	3
7,19,33	3
7,19,34	3
7,19,39	3
7,19,45	3
7,20,29	3
7,20,32	3
7,20,39	3
7,21,36	3
7,21,46	3
7,22,37	3
7,23,36	3
7,23,37	3
7,23,42	3
7,23,47	3
7,24,37	3
7,24,38	3
7,24,48	3
7,25,34	3
7,25,47	3
7,26,34	3
7,26,35	3
7,26,48	3
7,27,43	3
7,27,49	3
7,29,34	3
7,29,43	3
7,29,48	3
7,30,36	3
7,30,42	3
7,31,42	3
7,33,45	3
7,34,43	3
7,34,45	3
7,34,46	3
7,34,49	3
7,35,41	3
7,36,47	3
7,37,47	3
7,41,46	3
8,11,41	3
8,13,36	3
8,14,32	3
8,16,33	3
8,16,42	3
8,17,24	3
8,17,26	3
8,17,28	3
8,17,29	3
8,17,40	3
8,19,32	3
8,20,34	3
8,20,38	3
8,21,35	3
8,21,41	3
8,21,42	3
8,22,37	3
8,22,45	3
8,23,38	3
8,23,39	3
8,23,41	3
8,24,35	3
8,24,37	3
8,24,40	3
8,24,41	3
8,25,35	3
8,26,39	3
8,26,41	3
8,26,42	3
8,26,43	3
8,26,47	3
8,27,36	3
8,27,44	3
8,27,46	3
8,28,42	3
8,28,43	3
8,28,45	3
8,29,38	3
8,29,48	3
8,30,44	3
8,30,45	3
8,30,47	3
8,31,43	3
8,32,40	3
8,32,45	3
8,32,46	3
8,32,47	3
8,33,48	3
8,34,49	3
8,35,41	3
8,39,45	3
9,15,44	3
9,16,26	3
9,16,28	3
9,16,47	3
9,17,29	3
9,17,31	3
9,17,39	3
9,18,42	3
9,18,46	3
9,19,38	3
9,19,46	3
9,19,47	3
9,20,27	3
9,20,29	3
9,20,35	3
9,20,44	3
9,20,49	3
9,21,27	3
9,21,39	3
9,22,35	3
9,22,44	3
9,23,28	3
9,23,37	3
9,23,42	3
9,23,44	3
9,24,34	3
9,24,36	3
9,24,41	3
9,24,42	3
9,24,45	3
9,24,46	3
9,25,44	3
9,25,47	3
9,26,47	3
9,27,31	3
9,27,39	3
9,27,42	3
9,27,43	3
9,27,45	3
9,28,37	3
9,28,38	3
9,28,40	3
9,28,42	3
9,28,48	3
9,29,38	3
9,29,45	3
9,29,49	3
9,30,37	3
9,30,38	3
9,30,47	3
9,30,49	3
9,31,41	3
9,32,40	3
9,32,46	3
9,33,46	3
9,36,45	3
9,38,42	3
9,39,46	3
9,41,46	3
10,15,31	3
10,16,27	3
10,16,41	3
10,17,32	3
10,17,46	3
10,18,32	3
10,18,39	3
10,20,48	3
10,21,45	3
10,22,30	3
10,22,38	3
10,22,45	3
10,23,28	3
10,23,30	3
10,23,33	3
10,23,44	3
10,24,32	3
10,24,34	3
10,24,35	3
10,24,40	3
10,24,43	3
10,24,44	3
10,24,46	3
10,25,37	3
10,25,38	3
10,25,39	3
10,25,40	3
10,25,44	3
10,25,48	3
10,26,35	3
10,27,38	3
10,27,39	3
10,27,40	3
10,27,42	3
10,27,45	3
10,28,49	3
10,29,34	3
10,29,40	3
10,29,48	3
10,30,36	3
10,30,42	3
10,30,43	3
10,31,41	3
10,31,49	3
10,33,41	3
10,33,46	3
10,34,44	3
10,35,42	3
10,36,44	3
10,36,47	3
10,38,45	3
10,40,48	3
10,42,45	3
11,16,38	3
11,17,40	3
11,17,45	3
11,17,49	3
11,18,30	3
11,19,46	3
11,20,33	3
11,20,37	3
11,20,43	3
11,20,45	3
11,21,35	3
11,21,44	3
11,21,47	3
11,22,35	3
11,22,37	3
11,22,44	3
11,23,36	3
11,23,37	3
11,23,39	3
11,23,45	3
11,24,34	3
11,24,37	3
11,25,42	3
11,25,46	3
11,25,47	3
11,25,48	3
11,26,40	3
11,27,41	3
11,27,48	3
11,29,34	3
11,29,45	3
11,30,35	3
11,30,40	3
11,31,37	3
11,31,43	3
11,32,47	3
11,34,42	3
11,37,46	3
11,38,41	3
11,38,46	3
12,16,39	3
12,16,40	3
12,17,40	3
12,17,42	3
12,18,34	3
12,19,34	3
12,20,29	3
12,20,35	3
12,20,46	3
12,21,28	3
12,21,30	3
12,21,35	3
12,22,28	3
12,22,30	3
12,23,46	3
12,24,34	3
12,24,38	3
12,25,47	3
12,26,44	3
12,26,48	3
12,27,42	3
12,28,37	3
12,28,40	3
12,28,42	3
12,29,38	3
12,29,48	3
12,30,41	3
12,30,43	3
12,30,46	3
12,30,48	3
12,32,38	3
12,33,42	3
12,34,39	3
12,34,44	3
12,34,48	3
12,35,48	3
12,36,39	3
12,36,45	3
12,38,48	3
12,38,49	3
12,39,46	3
13,17,27	3
13,18,33	3
13,18,48	3
13,19,38	3
13,20,36	3
13,21,38	3
13,22,37	3
13,22,40	3
13,23,31	3
13,23,44	3
13,24,43	3
13,24,48	3
13,24,49	3
13,25,45	3
13,26,38	3
13,26,39	3
13,26,46	3
13,27,38	3
13,27,41	3
13,27,45	3
13,28,47	3
13,29,38	3
13,30,46	3
13,30,47	3
13,31,41	3
13,31,44	3
13,32,43	3
13,32,47	3
13,33,40	3
13,33,48	3
13,34,45	3
13,34,47	3
13,34,49	3
13,35,43	3
13,36,42	3
13,36,48	3
13,37,43	3
13,38,44	3
13,38,49	3
13,39,48	3
13,41,49	3
14,18,33	3
14,18,43	3
14,20,49	3
14,22,36	3
14,22,40	3
14,22,44	3
14,22,49	3
14,23,30	3
14,23,39	3
14,23,46	3
14,24,38	3
14,24,42	3
14,24,44	3
14,24,45	3
14,25,40	3
14,25,41	3
14,25,46	3
14,26,41	3
14,26,49	3
14,27,42	3
14,27,43	3
14,28,38	3
14,28,40	3
14,28,44	3
14,29,47	3
14,29,49	3
14,30,44	3
14,31,40	3
14,31,42	3
14,31,47	3
14,31,48	3
14,32,46	3
14,33,49	3
14,34,40	3
14,34,44	3
14,34,47	3
14,36,44	3
14,38,42	3
14,42,47	3
15,20,40	3
15,20,47	3
15,22,39	3
15,23,32	3
15,23,36	3
15,23,49	3
15,24,45	3
15,24,47	3
15,24,48	3
15,25,42	3
15,25,44	3
15,25,46	3
15,26,42	3
15,26,43	3
15,27,34	3
15,27,40	3
15,27,41	3
15,27,48	3
15,28,35	3
15,29,39	3
15,29,46	3
15,29,49	3
15,30,46	3
15,31,45	3
15,31,49	3
15,32,44	3
15,34,41	3
15,34,44	3
15,36,40	3
15,37,48	3
15,38,46	3
15,39,42	3
16,21,32	3
16,21,37	3
16,21,42	3
16,22,42	3
16,23,28	3
16,23,37	3
16,24,32	3
16,25,32	3
16,25,43	3
16,26,42	3
16,27,35	3
16,28,34	3
16,28,42	3
16,28,49	3
16,29,34	3
16,29,42	3
16,30,40	3
16,30,41	3
16,30,47	3
16,30,49	3
16,31,42	3
16,33,38	3
16,33,48	3
16,35,47	3
16,36,46	3
16,38,44	3
16,40,47	3
17,22,29	3
17,22,40	3
17,22,43	3
17,23,34	3
17,23,44	3
17,24,36	3
17,24,39	3
17,25,37	3
17,26,32	3
17,26,41	3
17,26,49	3
17,27,41	3
17,27,49	3
17,28,37	3
17,28,39	3
17,28,41	3
17,28,47	3
17,29,40	3
17,29,45	3
17,30,47	3
17,31,43	3
17,31,44	3
17,32,41	3
17,32,44	3
17,33,43	3
17,34,43	3
17,35,46	3
17,35,47	3
17,37,48	3
17,38,40	3
17,38,46	3
17,40,49	3
17,41,48	3
18,21,30	3
18,23,39	3
18,23,41	3
18,24,39	3
18,24,40	3
18,25,41	3
18,26,37	3
18,26,47	3
18,26,49	3
18,27,34	3
18,29,49	3
18,30,47	3
18,31,45	3
18,31,47	3
18,31,49	3
18,32,43	3
18,32,45	3
18,32,48	3
18,33,45	3
18,35,46	3
18,36,43	3
18,36,47	3
18,36,48	3
18,37,47	3
18,38,48	3
18,40,46	3
18,41,44	3
18,42,48	3
19,21,42	3
19,23,48	3
19,25,40	3
19,25,43	3
19,25,46	3
19,26,47	3
19,26,49	3
19,27,41	3
19,28,35	3
19,28,43	3
19,29,43	3
19,29,49	3
19,33,45	3
19,33,47	3
19,34,42	3
19,34,47	3
19,36,45	3
19,37,45	3
19,38,46	3
19,38,49	3
19,39,46	3
19,41,47	3
19,42,49	3
20,25,43	3
20,25,49	3
20,26,40	3
20,27,46	3
20,28,37	3
20,28,45	3
20,29,39	3
20,29,41	3
20,29,44	3
20,30,41	3
20,30,47	3
20,31,39	3
20,31,40	3
20,32,48	3
20,33,48	3
20,34,45	3
20,35,49	3
20,36,44	3
20,36,47	3
20,38,49	3
20,39,44	3
20,43,48	3
20,44,49	3
21,25,38	3
21,25,39	3
21,26,41	3
21,27,42	3
21,29,49	3
21,30,37	3
21,31,41	3
21,31,49	3
21,32,44	3
21,32,47	3
21,34,37	3
21,34,41	3
21,36,42	3
21,36,45	3
21,37,49	3
21,41,45	3
22,25,38	3
22,26,45	3
22,27,37	3
22,27,47	3
22,31,42	3
22,31,43	3
22,32,39	3
22,33,41	3
22,33,43	3
22,34,47	3
22,35,47	3
22,37,45	3
22,37,48	3
22,38,47	3
22,39,44	3
22,40,48	3
23,28,37	3
23,28,41	3
23,29,49	3
23,30,46	3
23,33,47	3
23,33,49	3
23,35,44	3
23,35,47	3
23,39,46	3
23,40,46	3
24,33,44	3
24,33,46	3
24,33,49	3
24,34,44	3
24,34,45	3
24,35,49	3
24,37,42	3
24,39,49	3
24,40,47	3
25,30,35	3
25,30,48	3
25,31,46	3
25,37,44	3
25,37,48	3
25,37,49	3
26,32,46	3
26,33,43	3
26,38,46	3
26,40,49	3
27,33,41	3
27,36,47	3
27,42,49	3
28,35,45	3
28,39,46	3
29,39,48	3
30,37,45	3
30,37,47	3
31,46,49	3
32,38,49	3
34,45,49	3
1,3,24	2
1,4,10	2
1,4,20	2
1,4,23	2
1,4,40	2
1,4,41	2
1,5,10	2
1,5,33	2
1,5,36	2
1,6,22	2
1,6,24	2
1,6,29	2
1,7,13	2
1,7,22	2
1,7,29	2
1,7,38	2
1,8,11	2
1,8,19	2
1,8,23	2
1,8,25	2
1,8,28	2
1,8,33	2
1,8,37	2
1,8,42	2
1,9,17	2
1,9,28	2
1,9,29	2
1,9,37	2
1,9,45	2
1,10,23	2
1,10,31	2
1,10,32	2
1,10,34	2
1,11,22	2
1,11,23	2
1,11,24	2
1,11,25	2
1,11,31	2
1,11,32	2
1,11,34	2
1,11,36	2
1,11,37	2
1,12,20	2
1,12,22	2
1,12,29	2
1,12,32	2
1,12,33	2
1,12,34	2
1,12,39	2
1,12,45	2
1,13,21	2
1,13,25	2
1,13,34	2
1,13,38	2
1,13,42	2
1,13,45	2
1,14,20	2
1,14,21	2
1,14,26	2
1,14,32	2
1,14,35	2
1,14,44	2
1,15,17	2
1,15,24	2
1,15,29	2
1,15,31	2
1,15,32	2
1,15,33	2
1,15,38	2
1,15,39	2
1,15,41	2
1,15,42	2
1,15,44	2
1,15,45	2
1,16,22	2
1,16,29	2
1,16,31	2
1,16,32	2
1,16,34	2
1,16,39	2
1,16,47	2
1,17,29	2
1,17,39	2
1,17,42	2
1,17,43	2
1,17,44	2
1,18,27	2
1,18,28	2
1,18,41	2
1,18,43	2
1,19,28	2
1,19,32	2
1,19,34	2
1,19,36	2
1,19,38	2
1,19,39	2
1,19,42	2
1,20,25	2
1,20,26	2
1,20,30	2
1,20,32	2
1,20,34	2
1,20,36	2
1,20,38	2
1,20,40	2
1,20,42	2
1,20,47	2
1,21,27	2
1,21,28	2
1,21,33	2
1,21,35	2
1,21,42	2
1,21,45	2
1,22,29	2
1,22,32	2
1,22,35	2
1,22,37	2
1,22,40	2
1,23,28	2
1,23,30	2
1,23,31	2
1,23,33	2
1,23,35	2
1,23,37	2
1,23,44	2
1,23,45	2
1,24,33	2
1,24,34	2
1,24,36	2
1,24,39	2
1,24,43	2
1,24,46	2
1,25,31	2
1,25,33	2
1,25,37	2
1,25,39	2
1,25,44	2
1,26,31	2
1,26,32	2
1,26,34	2
1,26,44	2
1,27,35	2
1,27,36	2
1,27,41	2
1,28,43	2
1,28,45	2
1,29,34	2
1,29,38	2
1,29,40	2
1,29,45	2
1,30,37	2
1,30,41	2
1,31,43	2
1,32,40	2
1,32,43	2
1,32,45	2
1,34,44	2
1,35,43	2
1,35,44	2
1,35,47	2
1,36,47	2
1,37,40	2
1,38,43	2
2,5,21	2
2,5,29	2
2,5,32	2
2,6,16	2
2,6,18	2
2,6,22	2
2,6,27	2
2,6,34	2
2,6,36	2
2,6,39	2
2,7,23	2
2,7,27	2
2,7,28	2
2,7,31	2
2,7,37	2
2,7,38	2
2,7,42	2
2,8,14	2
2,8,17	2
2,8,25	2
2,8,27	2
2,8,28	2
2,8,29	2
2,8,31	2
2,8,32	2
2,8,37	2
2,8,39	2
2,9,13	2
2,9,20	2
2,9,21	2
2,9,25	2
2,9,26	2
2,9,31	2
2,10,18	2
2,10,23	2
2,10,25	2
2,10,30	2
2,10,33	2
2,10,42	2
2,11,18	2
2,11,25	2
2,11,31	2
2,11,41	2
2,11,42	2
2,11,46	2
2,12,21	2
2,12,22	2
2,12,24	2
2,12,26	2
2,12,29	2
2,12,33	2
2,12,35	2
2,12,37	2
2,12,38	2
2,12,39	2
2,13,29	2
2,13,31	2
2,13,32	2
2,13,40	2
2,13,42	2
2,14,24	2
2,14,25	2
2,14,30	2
2,14,37	2
2,14,40	2
2,15,22	2
2,15,25	2
2,15,26	2
2,15,28	2
2,15,32	2
2,15,33	2
2,15,34	2
2,15,37	2
2,15,44	2
2,16,22	2
2,16,25	2
2,16,26	2
2,16,29	2
2,16,35	2
2,16,38	2
2,16,42	2
2,16,45	2
2,17,23	2
2,17,26	2
2,17,28	2
2,17,32	2
2,17,33	2
2,17,35	2
2,17,43	2
2,17,48	2
2,18,25	2
2,18,26	2
2,18,27	2
2,18,32	2
2,18,33	2
2,18,45	2
2,19,25	2
2,19,27	2
2,19,30	2
2,19,37	2
2,19,38	2
2,19,40	2
2,19,41	2
2,19,47	2
2,20,31	2
2,20,34	2
2,20,44	2
2,20,47	2
2,21,24	2
2,21,30	2
2,21,31	2
2,21,32	2
2,21,33	2
2,21,42	2
2,21,48	2
2,22,28	2
2,22,32	2
2,22,34	2
2,22,36	2
2,22,37	2
2,22,48	2
2,23,33	2
2,23,38	2
2,23,44	2
2,24,34	2
2,24,35	2
2,24,36	2
2,24,39	2
2,24,40	2
2,24,44	2
2,25,29	2
2,25,30	2
2,25,36	2
2,25,42	2
2,26,35	2
2,26,40	2
2,26,41	2
2,26,44	2
2,26,45	2
2,27,33	2
2,27,34	2
2,27,35	2
2,27,41	2
2,27,48	2
2,28,33	2
2,28,38	2
2,28,40	2
2,28,41	2
2,28,45	2
2,29,35	2
2,29,37	2
2,29,38	2
2,29,46	2
2,30,34	2
2,30,43	2
2,30,45	2
2,30,48	2
2,31,39	2
2,31,41	2
2,31,42	2
2,33,39	2
2,33,45	2
2,33,47	2
2,34,42	2
2,34,45	2
2,34,48	2
2,35,43	2
2,36,44	2
2,37,42	2
3,5,29	2
3,6,15	2
3,6,32	2
3,6,36	2
3,7,23	2
3,7,31	2
3,7,41	2
3,8,14	2
3,8,22	2
3,8,33	2
3,8,34	2
3,8,39	2
3,9,17	2
3,9,20	2
3,9,21	2
3,9,26	2
3,9,27	2
3,9,29	2
3,9,34	2
3,10,16	2
3,10,23	2
3,10,26	2
3,11,18	2
3,11,19	2
3,11,20	2
3,11,24	2
3,11,33	2
3,11,34	2
3,11,37	2
3,11,40	2
3,11,45	2
3,11,48	2
3,12,16	2
3,12,18	2
3,12,20	2
3,12,23	2
3,12,25	2
3,12,29	2
3,12,32	2
3,12,39	2
3,12,40	2
3,13,23	2
3,13,28	2
3,13,30	2
3,13,34	2
3,13,35	2
3,13,40	2
3,13,41	2
3,14,22	2
3,14,30	2
3,14,36	2
3,14,40	2
3,15,22	2
3,15,29	2
3,15,33	2
3,15,38	2
3,15,39	2
3,16,20	2
3,16,22	2
3,16,30	2
3,16,33	2
3,16,36	2
3,16,42	2
3,16,48	2
3,17,30	2
3,17,31	2
3,17,38	2
3,17,43	2
3,18,25	2
3,18,29	2
3,18,33	2
3,18,36	2
3,18,38	2
3,18,39	2
3,18,40	2
3,18,46	2
3,19,33	2
3,19,34	2
3,19,37	2
3,19,46	2
3,20,29	2
3,20,36	2
3,20,37	2
3,20,38	2
3,20,40	2
3,20,41	2
3,20,42	2
3,21,31	2
3,21,33	2
3,21,34	2
3,21,38	2
3,21,42	2
3,21,47	2
3,22,30	2
3,22,37	2
3,22,42	2
3,23,38	2
3,23,46	2
3,24,31	2
3,24,38	2
3,24,39	2
3,24,41	2
3,25,32	2
3,25,35	2
3,25,42	2
3,25,43	2
3,26,38	2
3,26,40	2
3,26,43	2
3,27,32	2
3,27,36	2
3,27,39	2
3,27,41	2
3,27,43	2
3,27,44	2
3,28,39	2
3,28,40	2
3,28,41	2
3,28,44	2
3,29,42	2
3,29,43	2
3,29,47	2
3,30,34	2
3,30,38	2
3,31,36	2
3,31,41	2
3,32,37	2
3,34,41	2
3,35,48	2
3,37,40	2
3,39,41	2
3,41,47	2
4,6,18	2
4,6,38	2
4,7,41	2
4,8,20	2
4,8,33	2
4,8,34	2
4,8,40	2
4,9,16	2
4,9,28	2
4,9,30	2
4,9,33	2
4,9,38	2
4,9,39	2
4,9,44	2
4,10,18	2
4,10,25	2
4,10,34	2
4,10,35	2
4,10,38	2
4,10,41	2
4,10,47	2
4,11,18	2
4,11,30	2
4,11,32	2
4,11,39	2
4,11,44	2
4,12,29	2
4,12,36	2
4,12,38	2
4,12,39	2
4,13,15	2
4,13,43	2
4,14,24	2
4,14,26	2
4,14,28	2
4,14,32	2
4,14,40	2
4,15,20	2
4,15,22	2
4,15,24	2
4,15,26	2
4,15,28	2
4,15,38	2
4,15,40	2
4,15,41	2
4,15,43	2
4,15,44	2
4,15,45	2
4,16,26	2
4,16,27	2
4,16,29	2
4,16,30	2
4,16,32	2
4,16,33	2
4,16,39	2
4,16,44	2
4,16,48	2
4,17,25	2
4,17,26	2
4,17,28	2
4,17,29	2
4,17,31	2
4,17,39	2
4,17,41	2
4,17,45	2
4,18,24	2
4,18,27	2
4,18,33	2
4,18,36	2
4,18,37	2
4,18,39	2
4,18,41	2
4,18,42	2
4,18,45	2
4,18,48	2
4,19,27	2
4,19,37	2
4,19,38	2
4,19,42	2
4,19,43	2
4,19,44	2
4,19,46	2
4,19,47	2
4,20,24	2
4,20,28	2
4,20,30	2
4,20,31	2
4,20,34	2
4,20,41	2
4,21,29	2
4,21,30	2
4,21,31	2
4,21,33	2
4,21,36	2
4,21,38	2
4,21,39	2
4,21,40	2
4,21,41	2
4,21,44	2
4,21,49	2
4,22,39	2
4,22,49	2
4,23,36	2
4,23,40	2
4,23,42	2
4,24,34	2
4,24,36	2
4,24,38	2
4,24,40	2
4,24,41	2
4,24,43	2
4,25,31	2
4,25,40	2
4,25,41	2
4,25,45	2
4,25,48	2
4,26,30	2
4,26,32	2
4,26,33	2
4,26,41	2
4,26,46	2
4,27,34	2
4,27,38	2
4,27,42	2
4,27,44	2
4,27,45	2
4,28,49	2
4,29,38	2
4,29,44	2
4,29,47	2
4,30,39	2
4,30,40	2
4,31,41	2
4,32,49	2
4,33,45	2
4,33,49	2
4,34,49	2
4,35,43	2
4,36,38	2
4,36,41	2
4,36,45	2
4,37,43	2
4,37,48	2
4,40,46	2
5,7,36	2
5,8,13	2
5,9,17	2
5,9,36	2
5,10,24	2
5,10,29	2
5,10,30	2
5,10,41	2
5,11,31	2
5,11,38	2
5,11,42	2
5,12,18	2
5,12,20	2
5,12,21	2
5,12,32	2
5,12,36	2
5,12,42	2
5,13,20	2
5,13,25	2
5,13,31	2
5,13,33	2
5,13,42	2
5,14,28	2
5,14,31	2
5,14,32	2
5,14,34	2
5,14,36	2
5,14,41	2
5,15,27	2
5,15,31	2
5,15,35	2
5,15,39	2
5,15,49	2
5,16,32	2
5,16,37	2
5,16,38	2
5,16,40	2
5,16,42	2
5,16,44	2
5,16,45	2
5,17,29	2
5,17,30	2
5,17,36	2
5,17,41	2
5,18,34	2
5,18,36	2
5,18,37	2
5,18,38	2
5,18,41	2
5,18,43	2
5,18,47	2
5,19,22	2
5,19,23	2
5,19,24	2
5,19,25	2
5,19,34	2
5,19,39	2
5,19,40	2
5,19,41	2
5,19,43	2
5,19,47	2
5,19,48	2
5,20,24	2
5,20,28	2
5,20,34	2
5,20,35	2
5,20,37	2
5,20,42	2
5,20,46	2
5,20,47	2
5,21,29	2
5,21,32	2
5,21,34	2
5,21,42	2
5,21,47	2
5,22,32	2
5,22,34	2
5,22,37	2
5,22,43	2
5,22,49	2
5,23,36	2
5,23,37	2
5,23,39	2
5,23,42	2
5,23,44	2
5,23,47	2
5,23,48	2
5,24,33	2
5,24,36	2
5,24,37	2
5,24,39	2
5,24,40	2
5,24,41	2
5,24,44	2
5,25,40	2
5,25,43	2
5,26,40	2
5,26,43	2
5,26,44	2
5,26,45	2
5,27,43	2
5,27,44	2
5,28,33	2
5,28,42	2
5,28,44	2
5,30,40	2
5,30,43	2
5,30,44	2
5,31,38	2
5,31,42	2
5,31,49	2
5,32,36	2
5,32,37	2
5,32,38	2
5,32,44	2
5,32,46	2
5,32,47	2
5,32,49	2
5,33,39	2
5,33,40	2
5,33,49	2
5,34,41	2
5,34,46	2
5,35,43	2
5,35,45	2
5,35,47	2
5,36,45	2
5,36,46	2
5,37,42	2
5,37,43	2
5,43,48	2
6,9,27	2
6,9,29	2
6,10,26	2
6,10,29	2
6,10,31	2
6,10,33	2
6,10,35	2
6,10,36	2
6,10,41	2
6,11,20	2
6,11,23	2
6,11,33	2
6,11,42	2
6,12,17	2
6,12,23	2
6,12,28	2
6,12,29	2
6,12,32	2
6,12,36	2
6,12,37	2
6,12,46	2
6,13,21	2
6,13,24	2
6,13,29	2
6,13,38	2
6,13,41	2
6,14,21	2
6,14,39	2
6,14,43	2
6,14,45	2
6,14,46	2
6,15,28	2
6,15,29	2
6,15,32	2
6,15,33	2
6,15,35	2
6,15,43	2
6,15,44	2
6,16,23	2
6,16,27	2
6,16,28	2
6,16,34	2
6,16,36	2
6,16,37	2
6,16,39	2
6,17,26	2
6,17,29	2
6,17,34	2
6,17,35	2
6,17,38	2
6,18,36	2
6,18,37	2
6,19,37	2
6,19,39	2
6,19,41	2
6,19,44	2
6,19,45	2
6,19,47	2
6,19,48	2
6,19,49	2
6,20,27	2
6,20,31	2
6,20,36	2
6,20,39	2
6,20,46	2
6,20,49	2
6,21,25	2
6,21,32	2
6,21,34	2
6,21,36	2
6,21,40	2
6,21,41	2
6,21,45	2
6,21,47	2
6,22,30	2
6,22,33	2
6,22,36	2
6,22,39	2
6,22,41	2
6,22,47	2
6,23,30	2
6,23,31	2
6,23,38	2
6,23,39	2
6,23,41	2
6,23,44	2
6,23,47	2
6,24,33	2
6,24,45	2
6,24,46	2
6,24,49	2
6,25,30	2
6,25,31	2
6,25,34	2
6,25,36	2
6,25,41	2
6,25,46	2
6,26,31	2
6,26,32	2
6,26,37	2
6,26,43	2
6,27,35	2
6,27,36	2
6,27,42	2
6,27,45	2
6,27,48	2
6,28,33	2
6,28,34	2
6,28,38	2
6,28,40	2
6,28,41	2
6,28,43	2
6,28,46	2
6,28,47	2
6,28,49	2
6,29,37	2
6,29,40	2
6,29,44	2
6,29,45	2
6,29,46	2
6,29,49	2
6,30,36	2
6,30,39	2
6,30,43	2
6,30,48	2
6,31,40	2
6,31,42	2
6,31,46	2
6,32,38	2
6,32,47	2
6,32,48	2
6,33,39	2
6,33,41	2
6,33,49	2
6,34,42	2
6,35,45	2
6,37,42	2
6,37,43	2
6,38,45	2
6,38,46	2
6,38,48	2
6,38,49	2
6,39,47	2
6,40,46	2
6,40,47	2
6,41,47	2
6,41,48	2
7,10,29	2
7,10,30	2
7,10,44	2
7,10,46	2
7,11,21	2
7,11,24	2
7,11,27	2
7,11,34	2
7,12,37	2
7,12,39	2
7,12,40	2
7,12,43	2
7,12,48	2
7,13,22	2
7,13,26	2
7,13,31	2
7,13,38	2
7,13,47	2
7,14,25	2
7,14,28	2
7,14,30	2
7,14,35	2
7,14,37	2
7,14,38	2
7,14,40	2
7,14,41	2
7,15,19	2
7,15,32	2
7,15,35	2
7,15,37	2
7,15,43	2
7,15,47	2
7,15,48	2
7,16,20	2
7,16,23	2
7,16,39	2
7,16,40	2
7,16,48	2
7,17,31	2
7,17,33	2
7,17,35	2
7,17,39	2
7,17,40	2
7,17,42	2
7,18,24	2
7,18,27	2
7,18,28	2
7,18,29	2
7,18,30	2
7,18,35	2
7,18,41	2
7,18,43	2
7,18,45	2
7,18,46	2
7,18,47	2
7,19,25	2
7,19,31	2
7,19,36	2
7,19,42	2
7,20,35	2
7,20,36	2
7,20,37	2
7,20,38	2
7,20,42	2
7,21,25	2
7,21,29	2
7,21,35	2
7,21,38	2
7,21,41	2
7,21,44	2
7,21,47	2
7,22,35	2
7,22,43	2
7,22,47	2
7,22,49	2
7,23,29	2
7,23,31	2
7,23,33	2
7,23,38	2
7,23,43	2
7,23,46	2
7,24,31	2
7,24,42	2
7,24,43	2
7,24,44	2
7,24,46	2
7,24,47	2
7,25,30	2
7,25,36	2
7,25,38	2
7,25,42	2
7,25,43	2
7,25,44	2
7,26,31	2
7,26,39	2
7,26,45	2
7,26,46	2
7,27,39	2
7,27,40	2
7,27,41	2
7,27,42	2
7,27,44	2
7,27,45	2
7,27,46	2
7,27,47	2
7,28,33	2
7,28,37	2
7,28,39	2
7,28,42	2
7,28,43	2
7,28,45	2
7,28,46	2
7,29,42	2
7,29,44	2
7,29,47	2
7,30,41	2
7,30,43	2
7,30,44	2
7,31,40	2
7,31,43	2
7,31,44	2
7,31,48	2
7,32,36	2
7,32,45	2
7,33,41	2
7,33,47	2
7,33,48	2
7,34,39	2
7,34,40	2
7,34,41	2
7,34,47	2
7,35,43	2
7,35,45	2
7,35,48	2
7,36,44	2
7,36,48	2
7,37,42	2
7,38,45	2
7,39,48	2
7,40,47	2
7,40,48	2
7,40,49	2
7,41,49	2
7,43,47	2
8,12,30	2
8,12,33	2
8,13,23	2
8,13,24	2
8,13,25	2
8,13,26	2
8,13,30	2
8,13,35	2
8,13,37	2
8,13,41	2
8,13,44	2
8,14,24	2
8,14,25	2
8,14,27	2
8,14,41	2
8,14,45	2
8,15,27	2
8,15,31	2
8,15,32	2
8,15,41	2
8,16,22	2
8,16,31	2
8,16,32	2
8,16,35	2
8,16,41	2
8,17,23	2
8,17,27	2
8,17,31	2
8,17,34	2
8,17,48	2
8,17,49	2
8,18,29	2
8,18,31	2
8,18,36	2
8,18,38	2
8,18,42	2
8,18,43	2
8,18,44	2
8,19,22	2
8,19,25	2
8,19,27	2
8,19,28	2
8,19,47	2
8,19,49	2
8,20,23	2
8,20,31	2
8,20,32	2
8,20,33	2
8,20,36	2
8,20,42	2
8,20,44	2
8,20,45	2
8,20,47	2
8,20,49	2
8,21,32	2
8,21,33	2
8,21,34	2
8,21,36	2
8,21,38	2
8,21,45	2
8,21,48	2
8,22,28	2
8,22,38	2
8,23,32	2
8,23,44	2
8,23,48	2
8,23,49	2
8,24,28	2
8,24,29	2
8,24,34	2
8,24,42	2
8,24,46	2
8,24,47	2
8,24,49	2
8,25,29	2
8,25,38	2
8,25,46	2
8,25,47	2
8,26,29	2
8,26,31	2
8,26,44	2
8,26,46	2
8,27,33	2
8,27,40	2
8,27,41	2
8,27,45	2
8,28,31	2
8,28,46	2
8,28,47	2
8,28,49	2
8,29,34	2
8,29,35	2
8,29,43	2
8,30,37	2
8,30,43	2
8,31,33	2
8,31,42	2
8,31,45	2
8,31,49	2
8,32,37	2
8,33,40	2
8,34,48	2
8,35,48	2
8,36,49	2
8,37,43	2
8,37,46	2
8,37,47	2
8,37,48	2
8,38,46	2
8,39,43	2
8,44,49	2
8,45,48	2
9,12,19	2
9,13,29	2
9,13,37	2
9,14,25	2
9,14,36	2
9,14,39	2
9,14,45	2
9,15,25	2
9,15,26	2
9,15,33	2
9,15,36	2
9,15,38	2
9,15,39	2
9,15,42	2
9,15,46	2
9,15,49	2
9,16,37	2
9,16,38	2
9,16,39	2
9,16,43	2
9,16,46	2
9,16,49	2
9,17,26	2
9,17,27	2
9,17,28	2
9,17,30	2
9,17,32	2
9,17,35	2
9,17,37	2
9,17,40	2
9,17,41	2
9,17,45	2
9,17,48	2
9,18,25	2
9,18,33	2
9,18,36	2
9,18,37	2
9,18,44	2
9,18,45	2
9,18,49	2
9,19,24	2
9,19,27	2
9,19,35	2
9,19,36	2
9,19,43	2
9,20,26	2
9,20,32	2
9,20,36	2
9,20,48	2
9,21,29	2
9,21,31	2
9,21,35	2
9,21,40	2
9,21,43	2
9,21,45	2
9,22,30	2
9,22,32	2
9,22,33	2
9,22,34	2
9,22,36	2
9,22,37	2
9,22,38	2
9,22,41	2
9,22,47	2
9,23,41	2
9,23,43	2
9,24,29	2
9,24,30	2
9,24,31	2
9,24,33	2
9,24,37	2
9,24,43	2
9,24,44	2
9,25,38	2
9,25,40	2
9,25,45	2
9,25,48	2
9,26,33	2
9,26,34	2
9,26,40	2
9,26,48	2
9,27,34	2
9,27,46	2
9,27,49	2
9,28,34	2
9,28,46	2
9,29,41	2
9,29,46	2
9,29,47	2
9,30,36	2
9,30,39	2
9,30,40	2
9,31,37	2
9,31,43	2
9,31,44	2
9,31,45	2
9,32,38	2
9,32,42	2
9,32,45	2
9,33,40	2
9,33,41	2
9,33,43	2
9,33,44	2
9,33,47	2
9,33,49	2
9,34,40	2
9,34,41	2
9,34,43	2
9,34,44	2
9,34,47	2
9,35,45	2
9,36,41	2
9,37,42	2
9,37,45	2
9,37,46	2
9,38,45	2
9,38,49	2
9,39,47	2
9,42,47	2
10,12,25	2
10,12,44	2
10,13,26	2
10,13,27	2
10,13,45	2
10,15,21	2
10,15,28	2
10,16,32	2
10,16,42	2
10,17,25	2
10,17,26	2
10,17,30	2
10,17,42	2
10,18,27	2
10,18,30	2
10,18,31	2
10,18,40	2
10,18,41	2
10,18,42	2
10,18,44	2
10,18,46	2
10,19,25	2
10,19,34	2
10,19,37	2
10,19,43	2
10,19,49	2
10,20,30	2
10,20,37	2
10,20,42	2
10,20,46	2
10,20,47	2
10,21,26	2
10,21,29	2
10,21,37	2
10,21,39	2
10,21,40	2
10,21,42	2
10,21,44	2
10,21,46	2
10,22,27	2
10,22,33	2
10,22,36	2
10,22,40	2
10,22,42	2
10,22,47	2
10,22,48	2
10,23,29	2
10,23,31	2
10,23,32	2
10,23,40	2
10,23,42	2
10,23,48	2
10,24,31	2
10,24,39	2
10,24,45	2
10,24,47	2
10,24,48	2
10,24,49	2
10,25,35	2
10,25,41	2
10,25,43	2
10,25,47	2
10,26,32	2
10,26,38	2
10,26,39	2
10,26,41	2
10,26,46	2
10,26,49	2
10,27,33	2
10,27,35	2
10,27,37	2
10,27,41	2
10,27,44	2
10,27,46	2
10,28,37	2
10,28,39	2
10,28,40	2
10,28,41	2
10,28,42	2
10,28,46	2
10,28,48	2
10,29,46	2
10,30,39	2
10,30,40	2
10,30,47	2
10,31,39	2
10,31,43	2
10,31,44	2
10,31,48	2
10,32,43	2
10,32,48	2
10,33,43	2
10,33,48	2
10,34,42	2
10,34,43	2
10,34,45	2
10,34,47	2
10,35,39	2
10,35,41	2
10,35,45	2
10,35,47	2
10,35,48	2
10,36,45	2
10,37,48	2
10,38,47	2
10,38,48	2
10,39,41	2
10,39,48	2
10,40,47	2
10,41,48	2
10,42,49	2
10,43,45	2
11,14,32	2
11,15,31	2
11,15,32	2
11,15,40	2
11,15,49	2
11,17,43	2
11,17,48	2
11,18,27	2
11,18,32	2
11,18,34	2
11,18,41	2
11,18,45	2
11,19,23	2
11,19,27	2
11,19,29	2
11,19,33	2
11,19,35	2
11,19,39	2
11,19,43	2
11,19,44	2
11,20,27	2
11,20,30	2
11,20,34	2
11,20,41	2
11,20,42	2
11,20,44	2
11,20,49	2
11,21,38	2
11,21,43	2
11,22,25	2
11,22,33	2
11,22,36	2
11,22,38	2
11,22,39	2
11,22,48	2
11,22,49	2
11,23,30	2
11,23,33	2
11,23,35	2
11,23,38	2
11,23,42	2
11,23,46	2
11,23,48	2
11,24,40	2
11,24,43	2
11,24,44	2
11,24,45	2
11,25,31	2
11,25,37	2
11,25,40	2
11,25,41	2
11,26,33	2
11,26,34	2
11,26,35	2
11,26,36	2
11,26,38	2
11,26,44	2
11,26,45	2
11,27,37	2
11,27,39	2
11,27,45	2
11,27,49	2
11,28,36	2
11,28,38	2
11,28,44	2
11,28,45	2
11,28,47	2
11,28,48	2
11,29,35	2
11,29,40	2
11,30,37	2
11,30,43	2
11,30,46	2
11,30,47	2
11,30,48	2
11,31,44	2
11,31,45	2
11,31,48	2
11,32,37	2
11,32,46	2
11,32,48	2
11,33,38	2
11,33,40	2
11,33,43	2
11,33,45	2
11,33,47	2
11,33,49	2
11,34,36	2
11,34,38	2
11,34,41	2
11,34,47	2
11,35,46	2
11,36,43	2
11,37,48	2
11,38,43	2
11,38,49	2
11,39,44	2
11,39,48	2
11,40,46	2
11,40,47	2
11,41,48	2
12,14,33	2
12,14,41	2
12,15,23	2
12,15,37	2
12,16,43	2
12,16,49	2
12,17,29	2
12,18,31	2
12,18,39	2
12,18,42	2
12,19,27	2
12,19,33	2
12,19,38	2
12,19,40	2
12,19,42	2
12,19,46	2
12,19,47	2
12,20,30	2
12,20,31	2
12,20,34	2
12,20,38	2
12,20,40	2
12,20,42	2
12,20,44	2
12,21,26	2
12,21,29	2
12,21,34	2
12,21,41	2
12,21,42	2
12,21,43	2
12,21,48	2
12,22,29	2
12,22,31	2
12,22,37	2
12,22,38	2
12,22,43	2
12,22,49	2
12,23,26	2
12,23,41	2
12,23,44	2
12,23,47	2
12,23,49	2
12,24,35	2
12,24,42	2
12,24,45	2
12,24,49	2
12,25,31	2
12,25,32	2
12,25,33	2
12,25,35	2
12,25,38	2
12,25,42	2
12,25,48	2
12,26,33	2
12,26,35	2
12,26,36	2
12,26,39	2
12,26,41	2
12,26,45	2
12,26,46	2
12,27,36	2
12,27,41	2
12,27,45	2
12,27,47	2
12,28,39	2
12,28,48	2
12,28,49	2
12,29,32	2
12,29,43	2
12,29,44	2
12,29,46	2
12,30,37	2
12,30,40	2
12,30,47	2
12,31,34	2
12,31,37	2
12,31,39	2
12,31,43	2
12,31,49	2
12,32,44	2
12,33,41	2
12,33,44	2
12,33,48	2
12,33,49	2
12,34,38	2
12,34,49	2
12,35,39	2
12,35,43	2
12,35,45	2
12,35,47	2
12,36,40	2
12,36,44	2
12,37,45	2
12,37,49	2
12,38,45	2
12,38,47	2
12,41,46	2
12,41,47	2
12,42,44	2
12,45,48	2
13,15,36	2
13,15,39	2
13,16,43	2
13,16,48	2
13,17,35	2
13,17,36	2
13,17,37	2
13,17,45	2
13,18,28	2
13,18,30	2
13,18,31	2
13,18,37	2
13,18,49	2
13,19,26	2
13,19,33	2
13,19,44	2
13,19,48	2
13,20,28	2
13,20,31	2
13,20,37	2
13,20,41	2
13,20,43	2
13,21,31	2
13,21,34	2
13,22,24	2
13,22,28	2
13,22,35	2
13,22,36	2
13,22,38	2
13,22,41	2
13,22,42	2
13,22,44	2
13,22,45	2
13,22,47	2
13,23,38	2
13,23,40	2
13,23,43	2
13,24,29	2
13,24,32	2
13,24,36	2
13,24,38	2
13,25,33	2
13,25,35	2
13,25,38	2
13,25,39	2
13,25,44	2
13,25,46	2
13,26,33	2
13,26,34	2
13,26,35	2
13,26,37	2
13,26,40	2
13,26,47	2
13,26,48	2
13,27,31	2
13,27,36	2
13,27,40	2
13,27,44	2
13,27,46	2
13,27,48	2
13,28,34	2
13,28,37	2
13,28,43	2
13,28,44	2
13,28,46	2
13,28,48	2
13,29,36	2
13,29,37	2
13,29,41	2
13,29,44	2
13,30,40	2
13,30,43	2
13,31,35	2
13,31,38	2
13,31,39	2
13,31,48	2
13,32,40	2
13,32,41	2
13,33,37	2
13,34,43	2
13,34,46	2
13,35,39	2
13,35,48	2
13,36,45	2
13,38,45	2
13,38,46	2
13,39,44	2
13,39,47	2
13,40,45	2
13,40,49	2
13,43,47	2
14,17,38	2
14,18,38	2
14,19,32	2
14,19,34	2
14,19,46	2
14,20,37	2
14,20,41	2
14,20,43	2
14,20,46	2
14,21,29	2
14,21,30	2
14,21,43	2
14,22,30	2
14,22,31	2
14,22,34	2
14,22,37	2
14,22,41	2
14,22,42	2
14,22,45	2
14,23,28	2
14,23,37	2
14,23,43	2
14,23,44	2
14,23,45	2
14,24,34	2
14,24,39	2
14,24,40	2
14,24,46	2
14,24,47	2
14,25,30	2
14,25,31	2
14,25,33	2
14,25,35	2
14,25,44	2
14,25,48	2
14,26,33	2
14,26,47	2
14,26,48	2
14,27,39	2
14,27,41	2
14,27,44	2
14,27,45	2
14,27,46	2
14,27,48	2
14,27,49	2
14,28,34	2
14,28,36	2
14,28,41	2
14,28,42	2
14,28,48	2
14,29,36	2
14,29,37	2
14,29,39	2
14,29,41	2
14,29,43	2
14,29,44	2
14,30,35	2
14,30,40	2
14,30,43	2
14,30,45	2
14,30,47	2
14,31,38	2
14,31,45	2
14,32,37	2
14,32,40	2
14,32,45	2
14,32,47	2
14,32,49	2
14,33,40	2
14,33,41	2
14,33,42	2
14,33,43	2
14,33,44	2
14,33,45	2
14,33,46	2
14,35,42	2
14,35,45	2
14,35,47	2
14,36,42	2
14,36,48	2
14,37,42	2
14,37,43	2
14,37,45	2
14,38,47	2
14,39,48	2
14,40,47	2
14,41,48	2
15,18,35	2
15,18,42	2
15,19,34	2
15,19,38	2
15,19,48	2
15,20,24	2
15,20,33	2
15,20,45	2
15,21,26	2
15,21,33	2
15,21,36	2
15,21,48	2
15,21,49	2
15,22,25	2
15,22,33	2
15,22,34	2
15,22,35	2
15,22,45	2
15,22,48	2
15,23,29	2
15,23,34	2
15,23,41	2
15,23,44	2
15,23,45	2
15,23,46	2
15,24,30	2
15,24,35	2
15,24,37	2
15,24,44	2
15,24,49	2
15,25,34	2
15,25,37	2
15,25,40	2
15,25,41	2
15,25,45	2
15,26,36	2
15,26,40	2
15,26,45	2
15,26,49	2
15,27,33	2
15,27,36	2
15,27,37	2
15,27,38	2
15,27,42	2
15,27,45	2
15,27,49	2
15,28,37	2
15,28,39	2
15,28,42	2
15,28,43	2
15,28,45	2
15,29,35	2
15,29,37	2
15,29,42	2
15,29,45	2
15,29,48	2
15,30,33	2
15,30,42	2
15,30,47	2
15,30,48	2
15,31,35	2
15,31,39	2
15,31,42	2
15,31,43	2
15,31,44	2
15,31,47	2
15,32,40	2
15,32,41	2
15,32,45	2
15,32,46	2
15,32,47	2
15,33,38	2
15,33,43	2
15,33,45	2
15,34,49	2
15,35,37	2
15,35,38	2
15,35,43	2
15,35,47	2
15,35,48	2
15,35,49	2
15,36,45	2
15,36,47	2
15,36,48	2
15,37,42	2
15,37,43	2
15,37,44	2
15,37,46	2
15,37,47	2
15,38,43	2
15,38,47	2
15,39,44	2
15,39,49	2
15,41,46	2
15,41,48	2
15,41,49	2
16,18,45	2
16,19,34	2
16,19,40	2
16,19,48	2
16,21,36	2
16,21,44	2
16,21,46	2
16,22,32	2
16,22,34	2
16,22,39	2
16,22,49	2
16,23,30	2
16,23,33	2
16,23,43	2
16,23,44	2
16,24,31	2
16,24,33	2
16,24,35	2
16,24,37	2
16,24,41	2
16,24,44	2
16,24,48	2
16,24,49	2
16,25,44	2
16,25,45	2
16,25,49	2
16,26,43	2
16,26,46	2
16,27,32	2
16,27,41	2
16,27,49	2
16,29,32	2
16,29,38	2
16,29,40	2
16,29,43	2
16,29,49	2
16,30,37	2
16,30,44	2
16,31,43	2
16,31,46	2
16,31,47	2
16,31,48	2
16,32,40	2
16,32,49	2
16,33,46	2
16,33,47	2
16,33,49	2
16,34,39	2
16,34,42	2
16,34,43	2
16,34,49	2
16,35,44	2
16,35,45	2
16,35,49	2
16,36,45	2
16,37,44	2
16,37,46	2
16,37,47	2
16,38,46	2
16,39,46	2
16,40,46	2
16,42,48	2
17,19,28	2
17,20,49	2
17,21,26	2
17,21,38	2
17,21,43	2
17,22,26	2
17,22,31	2
17,22,34	2
17,22,41	2
17,22,42	2
17,22,45	2
17,23,38	2
17,23,40	2
17,24,33	2
17,24,42	2
17,25,31	2
17,25,38	2
17,25,39	2
17,25,43	2
17,25,47	2
17,26,36	2
17,26,45	2
17,26,46	2
17,27,38	2
17,27,39	2
17,27,40	2
17,27,47	2
17,27,48	2
17,28,40	2
17,29,41	2
17,29,42	2
17,29,49	2
17,30,38	2
17,30,40	2
17,30,41	2
17,30,45	2
17,30,46	2
17,31,41	2
17,31,45	2
17,32,34	2
17,32,42	2
17,32,45	2
17,33,37	2
17,33,45	2
17,33,47	2
17,34,39	2
17,34,44	2
17,34,48	2
17,35,38	2
17,35,41	2
17,35,48	2
17,36,40	2
17,36,42	2
17,37,47	2
17,37,49	2
17,38,48	2
17,39,48	2
17,39,49	2
17,40,45	2
18,22,45	2
18,23,28	2
18,23,42	2
18,23,49	2
18,24,34	2
18,24,36	2
18,24,41	2
18,24,43	2
18,25,34	2
18,25,38	2
18,25,39	2
18,25,49	2
18,26,31	2
18,26,38	2
18,26,39	2
18,26,41	2
18,26,44	2
18,27,35	2
18,27,39	2
18,27,45	2
18,27,46	2
18,27,48	2
18,28,32	2
18,28,39	2
18,28,40	2
18,28,44	2
18,28,45	2
18,28,48	2
18,29,48	2
18,30,48	2
18,31,46	2
18,32,39	2
18,32,41	2
18,32,44	2
18,32,46	2
18,32,49	2
18,33,36	2
18,33,40	2
18,33,44	2
18,33,46	2
18,33,49	2
18,34,37	2
18,34,38	2
18,34,45	2
18,34,46	2
18,35,44	2
18,36,45	2
18,36,46	2
18,37,45	2
18,37,46	2
18,38,47	2
18,39,44	2
18,39,46	2
18,39,49	2
18,45,48	2
18,45,49	2
19,22,28	2
19,22,41	2
19,23,38	2
19,23,39	2
19,24,27	2
19,24,32	2
19,24,36	2
19,24,37	2
19,24,38	2
19,24,46	2
19,25,41	2
19,25,42	2
19,26,35	2
19,26,42	2
19,26,45	2
19,27,34	2
19,27,36	2
19,27,37	2
19,27,40	2
19,27,47	2
19,28,38	2
19,29,36	2
19,29,38	2
19,29,45	2
19,29,47	2
19,30,36	2
19,30,45	2
19,30,48	2
19,31,37	2
19,31,38	2
19,31,41	2
19,31,43	2
19,31,46	2
19,31,47	2
19,31,49	2
19,32,37	2
19,32,48	2
19,33,44	2
19,33,46	2
19,34,38	2
19,34,49	2
19,35,40	2
19,35,42	2
19,36,42	2
19,36,47	2
19,36,48	2
19,37,47	2
19,38,42	2
19,40,49	2
19,41,45	2
19,43,46	2
19,44,49	2
20,23,49	2
20,24,46	2
20,24,48	2
20,25,30	2
20,25,38	2
20,26,46	2
20,26,47	2
20,27,35	2
20,28,36	2
20,28,39	2
20,28,41	2
20,28,42	2
20,28,49	2
20,29,45	2
20,29,48	2
20,30,34	2
20,30,40	2
20,30,44	2
20,30,45	2
20,30,46	2
20,31,36	2
20,31,43	2
20,31,45	2
20,32,46	2
20,33,42	2
20,33,47	2
20,33,49	2
20,34,43	2
20,34,46	2
20,34,49	2
20,35,41	2
20,35,42	2
20,35,44	2
20,35,46	2
20,36,45	2
20,37,46	2
20,37,47	2
20,37,48	2
20,37,49	2
20,38,41	2
20,39,46	2
20,39,48	2
20,41,49	2
20,43,45	2
20,44,48	2
21,24,49	2
21,25,44	2
21,25,47	2
21,26,40	2
21,26,46	2
21,28,39	2
21,28,42	2
21,29,38	2
21,29,43	2
21,29,44	2
21,29,48	2
21,30,41	2
21,31,40	2
21,31,42	2
21,31,45	2
21,32,49	2
21,33,41	2
21,33,48	2
21,33,49	2
21,34,39	2
21,35,37	2
21,36,46	2
21,37,40	2
21,37,44	2
21,37,48	2
21,38,49	2
21,39,43	2
21,39,46	2
21,39,49	2
21,40,44	2
21,40,46	2
21,40,48	2
21,41,46	2
21,41,48	2
21,44,46	2
22,24,47	2
22,26,35	2
22,26,43	2
22,26,44	2
22,27,48	2
22,28,43	2
22,28,45	2
22,28,46	2
22,29,41	2
22,29,43	2
22,29,49	2
22,30,38	2
22,30,42	2
22,30,45	2
22,31,35	2
22,31,36	2
22,31,37	2
22,31,49	2
22,32,40	2
22,32,42	2
22,33,47	2
22,34,45	2
22,36,43	2
22,36,47	2
22,37,41	2
22,38,44	2
22,38,48	2
22,39,45	2
22,39,49	2
22,42,49	2
22,43,47	2
22,44,49	2
23,28,43	2
23,28,48	2
23,29,33	2
23,29,42	2
23,29,44	2
23,29,45	2
23,29,46	2
23,29,48	2
23,30,32	2
23,30,49	2
23,31,41	2
23,31,46	2
23,32,41	2
23,32,48	2
23,32,49	2
23,34,36	2
23,34,39	2
23,34,47	2
23,34,49	2
23,35,45	2
23,35,48	2
23,36,43	2
23,36,46	2
23,36,48	2
23,37,46	2
23,38,42	2
23,38,47	2
23,38,48	2
23,39,44	2
23,39,45	2
23,39,49	2
23,41,47	2
23,41,49	2
24,28,37	2
24,28,39	2
24,29,45	2
24,29,48	2
24,30,36	2
24,30,40	2
24,30,44	2
24,30,46	2
24,31,41	2
24,31,42	2
24,31,43	2
24,32,40	2
24,32,44	2
24,32,47	2
24,32,48	2
24,33,37	2
24,33,38	2
24,35,39	2
24,35,41	2
24,35,47	2
24,35,48	2
24,36,43	2
24,36,45	2
24,37,41	2
24,37,48	2
24,38,43	2
24,38,47	2
24,40,45	2
24,41,49	2
24,43,47	2
24,44,47	2
24,46,49	2
25,27,46	2
25,28,46	2
25,29,32	2
25,29,36	2
25,30,39	2
25,30,43	2
25,30,44	2
25,31,39	2
25,31,42	2
25,32,43	2
25,33,45	2
25,33,46	2
25,34,40	2
25,34,42	2
25,34,47	2
25,35,41	2
25,35,44	2
25,36,42	2
25,36,47	2
25,36,49	2
25,39,47	2
25,39,48	2
25,39,49	2
25,40,44	2
25,41,46	2
25,42,45	2
26,29,46	2
26,30,44	2
26,31,42	2
26,31,43	2
26,32,43	2
26,32,48	2
26,33,46	2
26,34,46	2
26,34,49	2
26,35,48	2
26,35,49	2
26,36,46	2
26,37,46	2
26,37,47	2
26,38,42	2
26,38,44	2
26,38,48	2
26,39,45	2
26,39,48	2
26,39,49	2
26,41,49	2
26,43,46	2
27,31,41	2
27,32,42	2
27,32,44	2
27,32,46	2
27,32,49	2
27,33,39	2
27,33,44	2
27,33,46	2
27,34,39	2
27,34,41	2
27,34,45	2
27,34,46	2
27,35,40	2
27,35,47	2
27,35,49	2
27,36,46	2
27,37,49	2
27,38,44	2
27,38,49	2
27,40,46	2
27,40,49	2
27,42,47	2
27,43,49	2
28,31,42	2
28,32,37	2
28,32,48	2
28,34,38	2
28,34,47	2
28,35,46	2
28,36,40	2
28,36,43	2
28,36,46	2
28,37,47	2
28,38,46	2
28,39,45	2
28,39,49	2
28,40,47	2
28,40,49	2
28,41,47	2
28,42,46	2
28,44,48	2
29,33,41	2
29,33,47	2
29,35,45	2
29,36,48	2
29,38,47	2
29,40,48	2
29,42,47	2
29,45,49	2
30,32,46	2
30,34,49	2
30,36,43	2
30,36,46	2
30,36,48	2
30,37,49	2
30,40,45	2
30,42,48	2
30,42,49	2
30,44,49	2
30,46,49	2
31,34,47	2
31,35,38	2
31,37,46	2
31,42,49	2
31,45,49	2
32,37,48	2
32,38,44	2
32,38,45	2
32,40,49	2
32,41,48	2
32,44,47	2
32,45,49	2
33,36,43	2
33,36,46	2
33,36,47	2
33,41,45	2
33,43,48	2
33,44,47	2
33,44,49	2
35,38,48	2
35,39,46	2
35,40,49	2
35,43,48	2
35,43,49	2
35,45,48	2
37,41,47	2
37,46,48	2
38,40,48	2
