Prognozowane wyniki
7 14 16 36 38 44
17 20 21 26 28 47
15 24 29 32 37 45
6 24 27 46 47 49
3 22 28 31 48 49
8 10 14 29 37 49
4 17 23 38 41 49
3 13 23 33 35 38
2 7 18 34 42 43
11 22 23 37 44 46
2 8 21 28 33 36
2 13 30 31 34 39
7 10 12 17 33 43
3 13 24 25 38 44
3 14 37 41 45 49
5 25 32 35 42 44
2 6 12 18 38 40
3 28 30 33 34 48
8 16 19 30 31 47
22 24 25 30 31 39
1 7 11 17 22 38
13 16 22 30 38 44
14 26 36 41 43 49
1 12 16 28 36 42
6 11 13 14 20 21
5 17 20 23 32 34
2 4 10 14 25 29
22 31 44 45 47 49
5 15 19 23 24 40
3 9 10 27 29 38
6 11 16 30 32 40
6 18 29 32 37 48
13 19 21 29 32 44
1 3 12 14 15 38
4 6 7 13 26 29
19 21 22 25 36 44
6 15 28 36 39 42
26 28 32 39 43 46
6 7 17 33 38 48
18 22 27 31 35 36
8 10 19 28 32 42
12 14 35 42 48 49
12 13 21 34 36 42
1 7 13 17 35 36
24 28 31 44 46 48
11 21 33 35 40 42
1 12 21 30 41 47
13 28 34 43 44 45
5 18 32 33 34 40
25 27 28 32 33 48
7 9 13 27 31 43
7 10 19 20 25 46
4 5 22 32 37 49
12 13 19 25 40 49
14 20 24 27 28 48
6 20 31 39 40 45
4 15 16 29 35 38
1 14 18 24 35 45
5 12 25 29 30 38
11 17 19 23 38 42
7 20 29 33 34 39
2 4 33 35 38 42
21 31 34 42 45 49
7 10 13 14 25 31
22 23 25 37 38 40
2 3 13 15 26 31
5 7 14 24 28 42
4 6 26 27 42 49
5 17 18 19 28 37
9 13 31 34 35 40
11 12 14 35 37 39
4 15 18 25 37 46
4 20 42 43 44 47
6 25 28 38 39 45
8 14 16 20 42 46
9 34 38 40 42 45
6 8 10 40 41 46
5 10 16 34 35 42
5 18 21 33 34 49
15 16 21 22 40 49
19 27 30 32 39 44
2 6 15 28 36 43
7 10 35 38 41 45
1 5 11 18 23 43
16 19 26 36 38 47
6 14 16 26 34 42
3 21 26 36 39 45
6 19 20 25 41 43
3 11 12 21 32 44
10 13 15 17 19 21
6 7 31 32 33 43
1 8 9 21 31 40
2 6 17 28 29 40
9 17 25 26 47 48
5 16 26 38 43 47
9 13 16 17 26 27
4 21 22 25 44 47
2 17 25 26 29 36
10 12 29 30 38 48
4 14 22 23 28 30
12 32 36 37 46 47
2 14 27 37 38 47
2 6 10 18 21 22
9 13 15 16 33 48
2 11 21 38 39 41
3 10 11 24 30 44
11 17 23 38 42 46
22 25 30 34 37 43
11 13 14 15 16 36
12 15 17 26 40 42
6 10 20 32 35 48
7 8 16 21 40 42
1 16 18 21 46 47
9 18 24 42 45 48
7 11 14 20 35 45
2 5 12 16 22 47
7 16 21 22 26 45
7 9 14 22 34 45
2 12 20 34 36 44
14 18 30 34 39 43
3 20 23 24 31 48
11 17 20 28 30 41
13 15 26 39 41 44
9 17 18 22 37 41
3 10 14 19 35 43
4 23 27 31 37 38
9 17 21 25 29 38
6 10 19 31 33 34
6 16 32 37 39 44
3 4 8 12 24 41
6 13 31 34 36 40
3 18 26 28 38 39
1 3 19 21 23 37
2 5 17 19 42 45
1 5 11 26 36 44
12 14 18 30 34 38
10 11 19 32 36 39
9 13 24 26 38 43
7 10 13 19 36 38
7 15 20 25 34 44
3 14 37 41 47 48
5 9 17 23 33 44
7 9 24 35 47 48
1 18 22 30 37 38
15 16 20 38 40 46
6 15 27 32 35 44
1 12 14 16 33 40
18 20 21 22 28 41
1 10 12 24 45 46
25 29 30 35 38 39
1 14 17 18 27 36
3 6 11 25 45 46
5 9 14 29 33 49
7 12 25 31 34 37
13 15 31 32 35 47
12 19 28 29 40 45
9 18 19 20 24 41
19 37 40 41 42 47
13 28 31 37 41 46
6 9 12 30 46 49
3 7 8 10 31 46
5 7 17 18 19 36
3 16 26 31 32 46
1 3 10 15 17 44
1 19 23 29 31 38
12 16 20 22 29 32
4 10 21 22 30 38
3 4 9 10 21 38
6 15 28 39 43 48
5 15 33 38 43 45
8 21 25 31 36 49
5 7 11 15 16 38
6 9 13 20 24 26
7 33 35 42 43 48
4 10 28 40 43 45
16 18 33 37 40 41
1 10 13 36 45 48
1 10 15 25 32 48
13 15 42 44 46 48
1 17 28 34 38 43
5 10 35 41 43 47
2 8 11 21 35 39
11 18 21 24 41 45
10 20 30 33 42 44
6 7 9 28 34 42
9 18 22 36 44 45
14 15 18 38 41 43
4 9 15 32 34 40
13 28 33 43 44 49
6 12 15 38 39 40
8 9 13 15 23 38
22 27 28 30 35 41
1 6 20 26 32 34
13 21 28 29 34 35
11 13 29 30 44 46
1 4 5 11 37 44
5 18 27 32 35 38
9 10 15 27 39 44
5 17 24 32 41 44
11 23 28 29 31 49
9 16 24 36 41 44
9 11 14 18 21 39
4 9 12 22 24 45
13 15 29 30 35 45
10 13 20 27 32 38
2 5 21 30 38 39
1 4 24 26 27 30
4 5 14 26 31 45
2 20 29 30 35 43
12 18 19 40 46 49
8 18 24 26 34 47
7 8 16 37 38 47
8 10 22 25 26 44
11 14 17 19 25 26
3 6 9 10 39 47
6 10 26 34 40 43
2 8 27 34 45 49
4 5 6 7 31 34
1 10 17 26 38 40
2 15 16 18 36 42
2 4 11 25 35 37
12 24 32 42 44 48
3 11 12 21 39 44
8 13 14 33 34 39
3 5 17 23 27 40
5 13 17 36 39 47
2 6 18 20 29 31
5 9 13 16 42 49
5 7 10 25 41 44
5 13 25 37 40 42
1 4 8 16 19 24
1 21 35 40 47 48
5 25 33 39 42 44
22 24 28 37 41 48
9 20 22 28 30 41
6 26 28 37 39 46
10 11 17 19 26 44
2 4 7 8 23 46
14 16 19 34 37 43
2 4 6 21 24 39
4 10 19 25 28 40
10 18 29 33 34 45
3 5 32 36 39 45
5 11 15 31 33 45
3 6 13 14 34 43
2 12 21 35 36 39
4 7 12 14 19 40
2 6 10 26 28 47
2 4 23 25 28 33
15 18 22 31 34 49
2 10 11 26 35 44
5 9 13 15 27 36
21 23 29 33 34 35
7 9 20 21 42 45
1 6 10 12 33 46
1 3 20 22 29 36
8 15 19 24 45 46
8 15 24 27 37 46
5 22 24 25 31 38
7 8 21 29 35 38
12 15 19 36 47 49
7 18 34 38 43 47
14 31 33 34 41 42
1 7 17 26 28 46
4 12 21 38 40 42
2 3 7 13 21 22
3 6 26 37 43 45
15 21 27 28 29 42
1 16 31 32 34 48
9 15 16 31 39 48
10 20 30 35 36 47
9 18 25 33 36 39
2 10 19 43 44 45
14 15 25 27 30 49
16 17 21 29 36 41
9 10 13 22 38 42
10 15 18 25 42 44
18 19 20 21 37 43
7 14 25 38 44 49
14 16 39 40 44 47
2 9 16 28 37 43
1 17 21 22 29 34
2 10 15 17 36 42
5 18 21 28 29 33
7 13 25 28 34 43
3 37 41 42 47 49
2 4 5 6 20 48
9 19 37 41 46 47
2 12 15 16 35 40
1 2 10 23 34 41
9 11 21 30 32 44
10 11 12 31 32 33
4 15 24 30 32 46
6 9 10 16 28 37
5 7 19 29 34 42
8 24 29 35 38 48
14 18 29 30 47 48
2 17 32 39 47 49
1 8 18 23 28 35
21 26 29 37 45 47
6 8 16 23 37 41
5 6 9 18 28 37
1 14 21 23 26 43
1 16 27 35 40 44
1 28 29 37 44 49
1 11 23 31 37 41
4 22 28 33 45 47
3 4 6 16 45 48
8 16 25 26 29 43
3 14 19 24 38 39
1 9 21 29 33 39
7 12 14 33 34 49
1 24 29 35 45 47
5 21 24 26 42 44
8 10 26 27 29 34
4 26 28 38 40 42
18 29 38 39 43 48
9 19 27 30 41 44
7 12 19 31 36 44
8 25 28 41 45 46
3 30 39 40 41 45
1 10 19 22 30 47
3 18 20 40 43 49
4 12 14 16 32 47
12 16 19 27 38 39
4 17 28 38 40 42
3 7 10 12 16 43
1 15 21 28 34 42
10 23 28 32 41 49
19 25 30 31 36 39
8 16 42 43 44 47
1 5 12 18 40 45
3 14 24 33 39 43
6 15 17 20 34 41
6 8 12 13 17 31
2 8 9 29 31 33
9 17 31 34 42 45
24 26 28 33 35 47
8 23 26 29 39 46
8 9 13 24 37 40
10 19 43 44 45 49
8 20 21 44 48 49
17 23 29 39 41 45
11 29 33 41 42 47
11 19 20 27 28 31
3 11 12 14 40 42
25 31 32 33 36 46
1 4 7 13 41 43
15 16 22 25 26 49
3 15 16 19 36 47
2 10 17 26 32 37
2 5 8 10 14 45
12 14 23 26 44 47
6 7 16 32 42 46
13 15 20 37 40 43
1 8 16 24 41 49
4 7 14 35 37 48
3 13 16 18 20 49
5 18 24 29 36 42
1 2 17 23 25 38
7 15 21 25 32 48
8 9 21 28 34 47
6 11 12 15 34 45
10 22 37 39 42 44
6 24 28 31 36 41
3 6 18 25 29 41
12 25 27 28 36 37
2 5 8 25 29 47
11 13 21 35 37 43
10 27 29 30 34 36
2 6 10 17 30 47
2 9 11 17 18 39
4 9 25 29 34 47
5 10 17 26 41 47
12 14 29 33 38 42
13 15 25 29 37 40
11 12 15 32 38 45
5 37 40 41 45 47
9 19 20 24 32 37
5 9 27 28 30 34
6 7 18 23 27 38
3 15 25 37 43 47
1 11 16 22 27 30
1 2 12 26 28 44
4 9 10 39 41 42
3 9 10 25 46 48
6 9 30 31 34 39
2 3 8 14 27 49
15 25 26 29 32 43
4 9 10 19 34 43
4 9 28 37 45 46
1 21 30 31 37 40
6 7 23 27 31 41
2 14 23 24 38 40
1 6 17 25 26 38
4 13 14 28 31 34
4 10 12 16 27 32
14 18 21 24 33 41
6 13 19 40 41 43
2 9 11 15 17 48
9 28 30 32 37 47
10 20 21 26 40 46
12 19 36 38 39 42
19 20 27 28 29 42
11 21 23 30 37 39
7 9 41 42 46 47
19 21 33 34 35 37
13 15 25 37 39 43
5 10 13 17 24 46
7 29 40 43 48 49
5 15 37 41 42 49
7 26 28 31 42 43
32 35 38 39 41 46
1 8 15 17 24 46
5 6 21 23 24 36
14 26 33 34 35 39
7 8 10 28 37 47
6 29 31 33 43 47
2 4 9 11 21 48
1 10 24 29 30 39
4 6 10 22 24 38
10 25 26 27 33 35
2 17 24 31 34 39
9 10 19 22 31 37
1 7 12 23 33 37
2 6 20 24 30 44
4 7 18 25 26 47
3 10 13 15 23 34
4 26 28 31 37 42
1 9 10 11 31 37
13 16 26 29 37 42
2 12 19 24 35 38
2 3 6 16 18 42
2 9 15 20 29 49
11 16 23 30 35 41
2 11 13 31 34 37
8 9 13 30 36 42
1 6 11 14 34 48
7 33 37 38 39 44
12 17 25 28 42 47
8 15 20 21 32 40
1 2 17 29 32 46
5 7 19 28 45 48
8 10 28 29 42 48
3 9 18 22 31 46
2 3 28 32 33 49
3 9 23 37 40 45
9 10 23 37 41 47
14 18 23 33 39 49
10 19 31 34 38 46
1 3 23 29 38 49
7 8 22 26 35 39
13 23 27 28 40 41
9 18 19 30 38 39
3 24 25 29 31 45
6 14 15 22 35 48
10 13 22 25 31 45
6 7 11 19 20 47
2 6 7 22 42 49
3 8 29 30 38 49
2 5 9 16 22 42
13 15 22 35 41 46
11 18 28 34 45 46
5 6 20 32 34 42
1 14 26 30 44 45
1 3 9 28 36 38
7 8 23 29 31 43
4 5 6 19 38 39
14 18 21 26 30 41
3 5 17 21 30 42
1 21 30 32 34 47
6 9 24 28 43 48
2 5 16 42 43 45
2 4 31 38 39 46
6 9 25 32 34 46
2 5 18 27 40 42
10 12 21 24 27 38
5 19 20 22 23 28
4 8 9 25 38 47
6 8 9 23 44 49
7 19 21 26 40 49
2 4 10 16 38 44
4 34 35 39 40 42
3 17 19 21 22 29
16 21 28 33 40 46
12 16 17 21 32 36
19 24 28 33 34 36
13 15 21 22 38 43
7 9 12 18 26 48
7 11 21 27 32 42
12 14 21 23 28 40
4 9 18 32 37 45
15 18 22 26 33 38
8 20 22 28 36 37
3 7 10 22 26 43
10 15 18 26 32 40
5 19 20 37 39 49
13 14 24 35 42 49
6 7 8 14 31 45
2 6 11 21 29 47
8 12 32 37 44 45
8 23 25 36 39 49
3 13 24 42 43 44
2 8 18 23 33 39
9 13 30 39 43 47
6 12 31 38 43 45
9 10 25 35 44 45
4 17 21 22 24 26
3 33 36 43 44 48
9 10 24 31 38 47
1 14 28 31 40 41
2 4 16 37 38 48
2 4 13 18 44 45
3 4 10 13 14 49
18 20 26 39 42 44
2 14 22 24 26 36
13 20 26 28 39 45
20 27 28 38 41 49
1 3 7 11 25 39
4 14 20 34 43 44
15 16 19 27 34 39
1 9 16 30 33 46
3 15 17 22 29 48
18 25 44 46 48 49
1 19 23 24 34 43
5 15 29 34 44 47
14 27 30 33 39 42
1 8 22 33 35 45
7 9 22 23 25 43
5 7 10 15 23 35
3 5 6 23 42 47
14 15 37 40 42 45
2 7 23 30 31 47
4 8 17 24 29 46
1 12 32 34 37 46
14 15 17 27 38 41
13 21 32 36 38 48
2 7 16 31 32 42
12 18 22 30 38 45
1 5 12 37 39 43
4 9 10 14 32 48
1 7 13 15 29 44
8 12 30 33 45 46
3 9 15 35 36 38
10 16 25 37 39 45
8 26 28 36 43 49
4 14 20 22 35 42
4 7 8 28 33 45
2 6 15 25 29 30
11 17 22 36 39 43
3 9 11 16 17 42
5 7 9 26 28 42
8 15 16 37 43 44
16 17 31 36 37 42
3 7 16 21 39 48
2 11 21 24 38 45
1 2 5 11 38 39
2 3 6 28 39 41
11 13 14 15 22 39
8 25 30 36 37 47
15 17 25 28 46 47
2 6 25 29 31 44
1 5 20 36 37 41
7 8 30 38 43 46
8 9 21 31 39 45
5 8 9 23 29 30
15 18 23 32 44 48
2 5 18 19 23 45
11 25 32 33 40 41
2 3 6 15 22 32
15 25 26 28 37 41
3 11 12 16 24 38
4 16 34 35 41 47
5 12 19 24 33 45
1 18 34 45 47 49
6 9 12 24 30 40
15 17 36 40 48 49
6 15 19 36 39 40
5 7 20 44 47 48
1 18 28 30 32 34
17 18 26 32 40 42
5 15 20 21 31 49
11 12 14 35 39 42
9 14 15 42 44 48
5 13 18 20 21 38
7 22 23 32 39 42
7 11 14 15 24 36
1 4 19 20 25 41
3 12 16 22 30 38
14 30 31 36 38 43
11 12 16 23 38 46
18 22 24 26 28 46
10 17 27 29 35 45
8 21 23 39 41 43
1 12 13 24 32 34
17 26 27 34 40 49
4 8 23 27 30 34
7 22 35 36 40 46
8 25 41 43 46 48
7 13 22 24 39 42
19 25 29 37 41 48
3 4 15 18 22 25
10 23 26 29 37 46
11 18 20 34 37 38
3 4 8 26 33 38
1 13 16 17 22 37
3 21 32 34 36 37
4 5 18 25 31 38
2 4 7 17 41 48
3 7 10 29 40 46
15 24 25 32 41 44
4 15 21 26 41 43
9 13 23 25 28 49
14 24 27 36 37 45
4 5 6 14 38 40
23 24 28 33 43 46
11 15 30 31 34 48
6 10 14 25 37 43
20 28 32 34 46 47
7 8 9 16 48 49
10 20 31 33 39 43
2 15 16 23 25 49
13 30 32 36 39 47
3 4 9 13 17 24
17 23 26 28 41 48
10 15 16 19 27 38
2 9 23 36 44 45
17 21 28 30 37 45
9 14 25 27 28 43
7 9 21 29 38 46
5 22 27 32 38 40
12 26 36 37 44 46
1 8 17 21 31 36
2 13 17 23 32 41
9 14 20 21 24 27
15 16 18 23 33 34
9 21 23 35 37 48
18 25 27 30 43 44
4 15 24 25 37 38
2 5 7 18 23 32
2 22 31 36 44 46
7 18 30 33 44 46
11 32 33 38 40 44
2 5 23 39 41 44
8 12 15 37 41 42
1 4 17 22 39 43
1 11 16 25 28 43
8 12 19 21 22 38
8 10 18 25 33 35
2 4 14 23 30 34
10 20 26 35 39 46
3 6 7 11 41 46
3 4 17 19 31 47
1 16 25 34 36 39
5 6 11 32 40 47
21 28 34 35 38 46
11 12 17 36 42 45
17 21 28 32 41 43
5 7 9 18 39 47
4 6 16 23 26 46
14 32 36 40 42 49
7 8 12 24 40 44
5 7 17 28 39 47
1 19 21 28 36 38
9 15 18 21 31 48
4 5 23 31 39 44
7 22 24 30 40 45
22 32 33 40 44 45
2 6 27 28 35 46
13 15 20 31 36 40
12 16 23 34 39 49
5 26 29 38 43 46
4 28 29 32 42 48
2 4 21 32 40 49
23 25 28 37 42 44
4 6 7 24 28 31
1 13 16 17 22 36
5 17 19 30 36 40
26 33 34 41 44 45
2 5 21 31 40 43
8 12 34 36 42 44
3 8 27 30 42 45
4 21 25 27 43 45
17 28 37 42 45 48
2 12 30 32 40 48
16 20 27 30 38 47
7 13 25 34 38 46
8 15 20 26 33 35
2 14 26 40 47 49
7 17 18 31 33 37
5 7 19 35 39 45
2 9 17 20 25 32
2 20 35 37 38 46
1 26 29 39 40 48
4 9 33 34 35 40
9 14 27 36 42 44
4 7 24 25 28 30
25 31 32 33 44 45
3 17 27 32 33 35
11 14 15 21 31 37
6 8 17 35 36 41
5 15 17 24 26 43
12 14 19 25 28 47
13 23 26 28 46 48
13 22 24 27 36 37
3 15 21 23 28 46
1 2 15 18 38 45
5 6 8 19 40 44
3 8 18 39 43 49
5 14 25 27 37 42
1 12 17 23 25 38
6 22 26 28 33 37
18 21 33 38 44 45
8 16 17 24 30 44
6 15 16 22 25 33
13 15 22 33 36 44
20 22 26 32 44 45
2 11 29 30 31 47
2 3 20 21 36 43
7 8 9 43 46 47
3 4 11 13 27 32
2 5 11 15 28 39
2 4 9 24 41 43
12 16 28 37 38 44
5 6 15 19 40 45
1 7 9 22 32 34
8 17 20 28 33 39
12 17 22 25 30 31
8 10 15 40 41 43
3 7 16 27 34 42
1 6 10 15 37 42
4 8 39 44 48 49
7 19 22 32 37 46
2 7 9 15 25 48
6 7 23 37 39 42
11 13 29 36 37 45
13 27 29 32 42 43
11 18 19 31 43 47
8 16 22 37 45 47
6 18 29 31 35 42
5 20 33 35 43 44
17 18 26 30 39 40
14 17 22 32 37 44
1 2 17 18 28 42
5 13 16 18 37 48
4 9 14 24 44 45
13 25 37 45 47 48
4 20 23 31 32 40
11 24 33 35 41 47
13 23 32 36 39 43
3 6 7 12 28 32
19 22 25 33 41 42
4 12 23 30 39 41
1 14 16 28 38 39
1 18 20 27 35 38
6 11 16 31 33 45
6 20 24 33 44 47
16 21 24 27 31 34
12 15 16 23 25 29
15 18 28 30 37 49
6 9 19 33 35 48
2 7 17 29 42 49
8 25 27 30 31 48
5 10 17 33 39 46
10 11 24 30 39 47
2 17 32 33 41 45
4 9 17 31 47 48
7 10 12 17 38 46
10 17 19 21 34 40
16 19 22 23 32 45
9 21 22 25 33 37
9 14 18 29 45 49
3 7 11 14 19 28
15 23 27 29 33 41
10 12 19 27 44 47
11 21 23 27 30 31
17 25 26 30 36 43
11 28 31 37 40 44
4 6 14 16 23 36
18 20 25 34 39 48
13 16 25 28 41 42
5 17 18 32 40 49
3 7 11 19 37 48
3 14 28 32 34 46
9 12 16 36 37 40
4 10 21 22 23 26
2 9 19 23 32 40
5 10 30 33 36 41
15 19 21 23 30 39
6 27 28 35 36 40
3 4 7 14 20 24
6 10 13 17 21 38
18 28 34 35 38 47
2 9 15 23 32 42
18 21 25 33 38 48
1 2 8 17 28 40
22 26 31 41 42 46
11 15 28 31 36 48
3 6 18 20 37 46
3 16 19 27 41 48
4 5 14 32 43 44
5 12 14 25 44 47
7 11 20 22 32 33
9 15 17 20 41 47
7 17 21 24 34 45
9 14 26 27 39 46
8 19 25 27 34 40
18 31 38 45 46 49
7 9 23 31 40 42
2 8 17 29 30 35
2 3 14 22 45 46
1 11 12 34 46 48
3 15 30 32 36 41
29 30 32 33 37 47
2 4 11 13 31 32
15 23 30 33 45 47
3 17 22 25 42 43
5 13 15 26 37 42
4 8 10 32 42 45
4 21 32 41 47 48
1 9 15 24 30 44
15 21 39 41 42 45
4 7 25 30 41 44
12 15 17 33 41 42
24 26 31 32 38 42
3 9 20 36 42 49
4 5 27 28 45 49
8 10 11 18 21 35
10 21 34 37 43 46
5 14 15 23 29 35
2 5 20 28 38 43
2 20 21 23 38 49
3 10 27 29 34 42
4 12 14 29 30 38
1 2 10 22 37 41
3 8 39 40 41 43
5 8 20 31 32 44
1 8 11 26 37 47
6 7 9 11 29 41
1 4 6 19 21 44
1 8 18 19 33 45
5 15 20 25 27 47
3 6 7 8 25 27
21 24 33 36 38 46
2 4 30 38 47 48
4 9 11 13 24 39
12 30 31 32 35 44
4 33 41 44 46 49
10 22 23 30 31 32
10 12 16 19 30 43
4 25 26 30 32 35
13 22 35 38 39 47
3 4 7 12 20 44
6 10 16 18 22 26
3 5 9 22 28 38
9 11 33 40 42 47
4 7 21 34 47 49
4 5 6 12 16 45
8 29 30 39 44 48
4 19 21 27 36 48
16 18 19 29 40 49
3 5 6 19 32 47
6 9 11 17 20 38
6 16 30 35 37 49
12 22 23 36 38 48
2 3 12 17 39 47
15 27 30 36 45 47
4 6 10 20 25 39
5 8 10 19 23 40
5 13 15 20 35 46
13 15 17 23 33 42
19 24 27 28 34 43
4 5 30 33 42 46
7 24 27 29 46 49
10 25 26 28 44 46
19 25 28 32 35 47
2 18 25 31 42 49
2 22 25 30 37 42
12 17 20 22 24 44
1 12 14 16 20 41
1 11 14 30 34 36
7 11 29 34 43 44
5 6 10 11 17 24
10 16 26 33 35 47
3 12 16 24 39 49
3 11 12 17 24 39
1 2 13 26 40 43
7 8 31 38 42 49
1 9 27 36 39 42
6 7 10 43 44 47
6 13 23 36 46 48
5 9 18 33 36 40
1 6 21 23 37 42
1 6 20 34 41 47
10 11 37 38 45 47
4 17 18 20 24 49
14 16 19 32 35 44
2 26 29 45 46 47
3 14 27 31 34 46
4 13 20 28 41 42
4 12 13 14 15 42
3 14 21 25 29 41
3 11 16 24 28 34
12 13 23 28 37 39
4 6 22 38 40 46
10 21 25 31 33 45
4 12 18 33 39 49
4 13 24 28 45 46
7 8 20 29 46 48
21 27 34 40 42 47
4 16 17 19 39 48
13 17 28 29 48 49
2 9 11 15 26 35
4 19 24 36 38 43
5 34 37 39 42 44
4 16 30 35 40 45
4 17 33 40 47 49
5 19 28 29 35 38
13 15 21 24 38 45
5 14 18 21 22 49
3 23 25 28 30 43
7 14 20 27 35 43
21 23 38 39 41 47
20 24 30 33 34 47
12 19 25 32 42 48
9 13 24 32 34 39
1 17 20 30 36 41
2 7 14 15 35 40
2 3 18 22 33 34
10 27 28 29 31 47
3 7 15 36 44 48
15 19 36 38 40 44
5 13 24 40 41 45
1 10 15 26 41 46
6 19 20 26 27 49
6 14 17 21 26 37
1 4 12 29 32 42
9 21 37 38 40 47
7 13 21 25 32 33
1 2 4 6 20 47
10 29 30 38 39 45
3 6 18 23 36 41
7 11 25 26 34 42
3 4 24 32 46 47
15 18 21 36 39 45
2 3 17 20 26 29
18 19 22 34 37 38
5 7 12 17 21 42
4 5 22 35 36 43
1 4 7 25 29 48
6 17 22 41 47 48
11 20 24 38 41 46
4 25 29 30 33 49
8 25 27 30 36 39
1 3 4 12 19 40
7 18 23 33 35 36
1 5 8 23 33 39
4 15 16 24 36 45
9 12 17 27 29 43
11 19 24 31 34 45
11 18 30 39 48 49
7 12 17 39 41 42
3 6 13 27 40 46
16 19 35 38 45 49
7 19 36 41 44 48
3 10 24 38 47 48
16 17 23 24 27 33
10 14 16 33 38 40
2 24 35 39 41 42
12 15 18 21 31 32
9 12 17 24 45 48
3 7 22 28 44 46
3 14 28 34 44 47
1 7 10 18 30 41
10 20 25 31 38 44
16 23 25 28 29 47
2 3 8 17 29 33
3 8 15 19 21 22
10 22 32 35 43 46
5 17 22 31 44 49
8 29 38 42 45 47
7 15 26 27 35 47
1 13 19 38 39 45
3 13 19 35 40 43
5 12 18 19 39 46
10 11 13 14 38 48
10 22 24 31 42 43
14 16 19 24 37 44
23 24 29 32 44 48
4 7 23 27 42 49
2 3 22 31 36 44
18 26 27 33 39 44
11 13 16 20 35 39
1 5 18 21 30 39
11 18 30 32 37 44
13 23 30 31 35 47
8 9 27 35 41 48
10 21 23 24 28 49
15 19 27 42 45 48
5 13 15 16 26 48
17 20 27 30 38 41
7 21 25 35 38 40
10 21 26 33 35 41
1 16 24 37 44 46
4 17 20 35 36 38
4 5 8 17 28 30
7 19 20 22 39 43
7 8 12 16 40 48
2 12 13 23 28 35
2 3 13 30 32 39
19 22 25 32 40 46
3 4 14 15 42 45
7 23 26 29 32 44
1 9 16 22 48 49
4 17 19 24 29 32
1 16 24 29 31 34
6 19 25 34 37 47
2 5 12 14 22 45
2 17 26 27 32 40
7 14 24 29 34 36
14 21 22 25 30 38
4 10 13 21 22 49
2 11 13 17 34 45
6 8 13 15 16 24
2 8 12 15 46 49
5 22 29 31 38 49
5 9 13 40 42 47
7 11 18 21 29 46
3 15 29 32 34 44
1 10 11 26 33 37
3 11 19 30 32 37
3 6 8 10 13 33
6 17 19 21 28 43
18 19 28 43 44 46
9 11 13 26 29 43
14 23 27 32 47 48
15 17 20 22 23 40
7 18 20 25 29 46
2 14 25 27 43 47
4 33 36 40 45 47
11 12 28 33 37 48
11 32 39 46 47 48
7 8 10 45 46 48
3 6 9 12 20 41
23 24 41 42 47 49
6 20 27 33 41 48
7 8 9 34 35 40
16 18 27 41 43 44
3 13 14 26 29 37
19 23 24 35 37 45
1 2 19 29 33 41
11 18 28 35 44 47
1 36 41 44 45 49
5 27 30 33 35 41
13 23 32 33 43 49
5 12 15 32 35 46
5 11 16 17 35 44
1 2 7 28 38 40
5 9 29 33 35 49
1 17 22 31 33 35
8 12 21 34 41 49
1 18 27 32 33 35
3 20 40 41 42 43
2 4 15 29 33 48
1 15 24 29 35 44
31 35 39 40 43 45
12 16 17 22 38 42
23 26 27 32 42 43
4 6 13 18 40 49
3 21 25 33 38 49
13 22 25 34 38 45
3 15 16 25 40 44
2 9 11 25 40 49
15 17 20 30 40 47
2 14 19 25 30 45
4 6 21 26 33 36
6 8 10 14 26 32
2 6 8 25 27 33
6 20 21 22 32 40
4 6 23 27 34 47
3 18 27 33 40 41
16 18 30 32 36 38
3 20 27 33 40 48
21 29 31 33 36 39
4 27 36 37 41 43
15 18 20 21 25 30
1 11 18 33 43 46
9 22 27 36 45 49
2 19 29 35 37 48
6 7 12 15 17 49
18 30 34 36 37 45
10 11 15 16 24 25
2 5 8 20 28 48
16 22 39 40 41 44
3 5 9 20 26 33
2 14 25 27 34 42
5 21 31 38 39 47
21 24 37 43 45 46
13 20 25 36 38 45
14 15 19 34 36 41
2 4 10 12 18 43
1 7 19 21 25 36
5 8 12 18 39 47
4 27 28 33 35 41
3 4 7 10 22 47
1 4 8 14 24 36
1 12 20 28 35 38
10 38 39 40 41 48
7 13 17 26 30 42
6 30 38 46 48 49
3 10 27 30 32 36
4 5 23 25 27 43
2 9 11 27 29 31
2 8 18 30 44 46
8 17 18 24 27 40
2 4 14 16 31 37
3 13 16 18 22 31
6 15 23 24 34 43
9 11 13 18 29 49
4 8 16 31 33 48
2 9 10 14 18 24
10 12 39 45 46 48
2 10 21 33 35 44
4 10 21 26 42 49
6 13 17 18 23 33
4 23 40 41 42 48
13 15 16 25 29 37
11 14 24 34 36 44
2 26 36 37 43 47
10 12 13 16 45 46
14 20 21 23 26 49
15 18 21 23 33 47
2 9 11 22 35 45
6 18 23 36 37 38
17 19 35 39 46 48
5 7 9 27 40 43
12 14 15 22 23 40
8 26 28 38 43 44
6 13 21 24 27 29
6 7 10 14 29 36
1 13 26 40 45 49
1 5 10 13 23 33
3 8 18 20 24 43
7 8 10 17 29 32
15 20 25 30 35 44
10 12 18 36 39 49
1 5 10 12 33 45
1 7 17 18 29 33
6 8 16 19 29 31
3 8 37 38 41 42
8 22 26 43 46 47
1 3 10 20 30 46
3 7 30 31 44 48
23 32 35 37 47 48
6 9 27 34 36 38
9 25 26 27 33 40
12 24 30 31 43 49
4 19 20 23 28 48
6 24 27 29 32 48
14 15 20 21 31 44
9 13 24 36 42 48
14 21 24 26 38 44
5 10 35 37 47 49
7 14 21 28 32 44
5 22 27 35 39 44
4 12 14 15 31 46
2 16 22 26 37 46
4 6 19 21 26 37
10 14 17 21 22 46
23 30 35 36 48 49
18 22 23 26 28 41
6 7 20 24 41 44
16 18 31 42 43 48
1 19 24 35 37 39
16 28 38 39 44 45
1 18 25 39 41 43
6 16 21 30 47 48
4 8 12 22 39 44
17 22 32 35 41 44
1 5 22 33 39 48
6 18 22 26 30 38
11 20 21 29 38 47
4 12 23 26 31 38
4 8 17 33 45 48
2 4 34 35 42 43
5 9 12 29 34 47
2 11 25 33 41 45
5 11 13 25 27 37
3 15 18 35 42 43
13 14 27 32 46 47
8 21 24 27 38 44
4 15 19 20 36 45
1 11 16 18 31 44
6 8 17 21 26 34
3 18 29 40 42 46
7 15 26 27 31 41
14 18 21 36 37 48
1 5 18 20 30 46
6 15 18 20 28 33
8 14 21 29 35 36
2 9 23 43 47 48
4 5 7 18 21 37
15 20 29 33 34 46
10 20 21 25 29 31
2 10 17 18 23 46
1 4 20 36 37 44
17 22 23 25 40 45
4 20 22 36 42 44
17 33 38 39 40 47
13 16 29 33 38 44
11 14 15 19 23 41
20 22 25 26 30 47
3 26 27 35 39 49
10 17 26 36 46 47
10 14 22 27 30 32
17 38 40 41 42 45
11 18 23 26 34 45
5 8 20 25 33 47
17 30 31 34 45 46
15 20 29 33 39 46
7 11 29 46 47 48
2 25 29 36 43 49
10 11 22 23 33 40
10 21 22 25 27 39
3 14 18 25 31 45
10 13 18 25 32 44
5 7 11 21 23 44
6 13 14 17 33 46
1 18 22 35 39 47
14 21 25 26 33 41
1 3 6 26 46 48
4 16 25 27 31 46
5 6 17 23 29 49
10 17 25 41 44 49
4 19 31 39 40 48
5 10 17 41 44 48
8 23 32 41 44 49
1 28 30 34 37 38
6 10 19 22 28 30
6 16 19 33 37 49
18 21 33 44 45 49
3 12 24 27 30 38
7 8 17 22 26 38
1 8 9 13 14 24
2 4 6 9 34 44
27 31 35 37 43 46
5 14 34 35 37 49
10 17 21 34 37 47
4 12 13 14 23 29
19 22 24 26 27 40
12 26 32 37 38 44
4 10 16 25 31 39
4 5 27 32 38 46
4 12 24 25 27 33
2 3 35 40 43 46
19 26 31 40 43 44
4 21 34 37 38 39
16 18 20 21 27 30
3 4 14 28 31 42
3 23 24 39 44 46
9 14 17 22 37 49
8 15 21 29 31 42
3 16 19 23 46 49
13 15 22 25 29 42
4 6 8 16 40 47
6 20 34 37 41 48
8 14 15 36 39 49
5 13 18 20 26 42
6 13 15 20 21 25
2 23 37 38 42 46
8 12 37 44 46 48
1 4 15 16 17 33
3 5 13 21 33 37
7 10 11 12 19 27
7 21 27 31 47 49
3 16 27 32 35 49
2 13 15 29 37 46
6 27 34 37 38 40
14 26 37 41 43 47
5 9 15 20 41 45
10 13 22 26 43 48
15 24 27 28 38 42
26 33 34 36 42 47
23 26 39 40 44 49
4 13 25 27 47 48
10 17 28 32 35 42
14 16 26 30 34 45
3 4 9 22 39 46
9 14 17 26 32 42
3 10 17 22 37 40
1 3 4 26 40 42
9 10 17 19 27 34
3 15 17 31 32 34
5 7 17 19 36 39
2 5 7 12 31 45
9 19 21 25 47 48
4 6 14 23 48 49
3 7 9 27 35 44
12 19 22 32 36 47
3 11 20 29 36 45
9 11 15 25 36 39
4 9 13 19 35 43
1 2 5 12 23 36
4 12 23 29 30 42
1 7 12 14 26 37
1 16 19 21 22 37
3 9 22 33 42 43
31 35 42 45 46 48
1 15 22 30 35 40
6 8 14 17 36 48
8 10 11 13 33 41
2 13 27 33 34 42
3 8 20 23 28 48
4 8 9 21 28 32
14 20 29 42 47 49
5 13 18 28 48 49
2 13 14 20 37 42
12 21 30 33 35 44
10 12 21 26 31 45
7 8 14 19 25 28
1 21 24 34 37 39
13 20 22 38 40 41
2 10 19 22 31 38
2 3 7 9 24 29
8 17 21 28 29 48
1 2 4 9 40 48
3 4 27 30 34 46
14 19 21 28 31 44
1 25 32 37 47 49
4 10 30 33 35 46
12 22 23 29 40 43
9 27 30 32 37 48
5 8 11 23 44 48
4 5 13 17 33 42
8 15 17 32 40 46
12 13 15 16 40 47
8 11 14 15 27 35
12 16 34 38 42 44
18 21 26 32 41 49
29 32 34 38 41 44
8 9 21 29 39 44
5 7 10 11 23 34
4 14 15 23 28 44
9 18 28 36 37 39
17 23 33 38 47 49
11 31 34 36 38 47
3 17 20 42 43 46
2 28 34 36 47 49
11 27 31 34 39 43
1 26 39 47 48 49
5 10 11 16 18 28
9 10 17 33 38 44
2 3 6 11 14 23
25 27 31 33 35 49
14 29 32 37 40 41
12 28 29 36 40 44
6 13 21 23 24 25
2 5 15 22 43 49
1 9 11 21 23 34
2 5 9 22 26 36
1 11 16 23 28 36
1 9 13 21 24 28
6 11 12 16 37 39
1 7 11 21 28 39
24 33 41 42 45 46
13 15 18 21 37 40
29 33 42 44 45 47
7 9 13 26 32 46
1 16 18 21 27 42
19 36 40 41 44 46
17 21 22 41 43 49
3 10 11 13 24 40
7 17 20 22 23 41
4 5 8 25 33 34
7 17 23 24 39 42
11 19 30 34 35 49
11 12 23 37 39 49
12 17 26 31 41 43
1 13 19 20 21 29
3 18 21 23 30 41
15 20 32 37 43 48
5 17 25 29 34 37
6 11 16 20 24 42
3 12 17 19 25 41
8 11 16 24 38 44
3 14 25 37 39 41
8 12 15 21 36 42
5 11 19 21 23 37
2 15 17 31 34 35
3 24 30 42 45 49
9 23 42 44 45 46
6 9 11 15 42 49
1 14 22 24 42 46
1 18 24 33 36 42
4 25 27 32 34 43
6 19 20 22 30 34
1 16 18 27 30 35
5 15 20 35 36 38
9 16 30 34 47 49
1 7 13 16 42 45
1 6 16 19 20 30
6 10 11 24 33 43
5 10 27 29 45 47
5 8 17 36 38 43
14 22 23 31 39 43
3 7 20 27 38 45
7 11 18 21 30 35
2 21 25 36 37 39
3 11 14 22 23 25
6 10 43 45 46 47
5 11 20 36 47 49
6 9 11 30 36 38
17 21 22 26 45 48
7 15 17 27 32 42
2 5 10 15 28 39
2 14 19 23 32 43
3 4 20 28 33 44
2 5 13 30 40 45
7 21 23 26 43 44
3 13 19 22 32 36
13 16 32 34 37 40
3 4 10 14 43 45
5 10 18 29 30 44
4 5 8 12 17 22
11 15 17 29 38 45
5 12 15 38 41 48
8 13 22 34 40 47
2 26 27 29 41 46
9 19 31 37 44 45
14 23 33 40 41 46
21 26 41 42 46 48
10 15 20 28 45 48
3 8 9 10 29 46
12 17 23 34 38 49
9 18 20 26 29 43
11 12 14 16 19 48
12 15 24 27 34 49
